2615 2273 997 368 2047 2713 1746 961 2945 5627 5417 953 4243 2428 1417 8566 6612 9138 6051 7530 9769 
8600 1306 6382 2451 472 9192 731 2390 342 7327 3298 4446 1321 802 3681 1511 5749 9576 4031 6672 
2107 9466 2214 9373 850 6488 7203 9482 9872 4514 632 1113 1149 8458 2474 458 2030 129 3824 8605 
4044 535 2689 7429 9859 9795 9019 4012 1584 4532 3742 4930 8250 9744 5089 8834 4527 8464 3213 567 
529 5672 9026 2462 840 5452 7044 5689 9442 2001 8264 9435 5316 4234 5249 9160 7786 6142 9772 7992 
9832 1799 274 9115 5372 1840 1891 1560 388 8303 5701 9393 6145 8574 5845 7250 1810 8883 3398 9133 
3255 3789 8848 139 5887 535 9693 7523 1739 7663 2142 2955 9744 4686 3515 5914 6598 7040 2099 5710 
3504 4689 6916 5707 8808 6657 1836 7699 5193 2285 8219 3271 5281 8822 7499 3880 1772 9303 3623 2134 
6652 4972 9596 5456 7194 7239 7126 262 3625 8277 7260 7361 358 7980 1469 5206 7103 5172 3541 3263 
4117 425 8313 6968 994 584 1181 4826 3502 5726 8430 65 7983 5936 6159 5198 7055 4593 9413 9343 
8372 1583 6709 2754 5247 9199 353 1197 2869 1952 6302 5772 8741 8131 6717 2940 6443 6521 4315 2152 
477 2408 7083 7003 4383 6912 7195 8774 5590 7161 1603 8836 6339 3649 8091 8492 8845 9790 3717 5870 
3633 2189 108 1835 4884 1141 3331 6982 8128 807 3439 680 1719 3374 644 88 4244 7880 5432 2038 
8363 6480 6495 9879 2650 1140 1791 6058 7927 1948 5344 1246 7482 7180 2921 4256 1896 6683 6694 4571 
4484 9607 8241 7977 7167 1999 6753 4955 1052 9460 5904 4007 4139 3620 1199 9326 8365 1337 3153 7516 
6030 8179 1641 3452 311 4617 615 5936 6265 3855 53 2501 6555 5982 4262 6707 3576 7495 8971 2510 
9578 9230 6941 2395 897 6125 8720 4859 2258 4236 513 1418 8619 5392 510 6516 887 3402 2641 6932 
5802 1395 2602 9093 8478 8634 6257 5075 4827 3299 6707 8550 8182 3638 6403 6196 3286 9850 1264 8811 
941 3572 6998 1743 59 6314 2390 9095 5141 3337 5562 7016 7225 2939 9985 9343 3423 5651 2509 2180 
8011 4556 5445 6813 382 9393 7181 1859 5941 9592 5364 7576 9134 5045 4245 7773 3556 1168 2513 3675 
5115 6725 651 8945 1056 1566 9048 4701 4601 2572 4448 6351 6596 9359 1626 2474 6723 4759 2500 8962 
4817 3401 3536 322 4357 7607 8162 6255 2674 8458 2125 8042 3279 7566 6387 7250 1987 8134 6862 5743 
7096 6840 1334 165 8294 3116 8140 6505 6634 235 93 6948 8069 6831 4261 5529 8525 6604 3820 3616 
5304 6051 9992 2353 9692 4944 408 476 9439 5174 270 7396 8034 7304 5293 9191 7287 2543 3538 8581 
2569 2508 2398 8963 7200 2054 3598 7289 9289 6927 2558 759 7888 6388 971 8520 8600 7485 6663 2250 
8190 9980 1955 170 26 9977 9441 1346 7493 5017 1632 452 2736 2886 1936 1063 2748 1178 279 9181 
7580 9188 6561 8641 3754 1642 9551 2533 582 2340 5350 4821 9039 7553 7109 8871 8454 5652 8417 3629 
9068 7717 5752 4861 9166 2856 3933 235 9801 7275 4509 5439 8898 4247 8875 6292 2083 951 7027 3526 
4215 3237 4373 4692 3042 6220 462 3349 7973 9145 8946 6824 3821 7230 6074 9023 2424 1499 4473 7048 
8157 5235 5332 7028 8561 6094 3455 4959 9886 298 8638 6398 6340 5752 3421 857 4215 7176 9743 1818 
7186 7389 2442 7753 8085 5443 3510 970 6921 858 1694 999 3342 8724 3218 2130 4908 2232 1002 1700 
1894 7926 8356 3734 4589 55 760 8816 5667 9261 993 4214 1899 8933 1319 7855 9007 6029 2732 8133 
6600 3081 995 4147 5926 8287 141 8952 1737 9793 3347 8876 867 505 1382 696 677 2161 2299 9418 
3442 7342 5302 8868 9124 4879 694 9359 5503 2667 6413 4963 3367 9328 5193 4676 1863 7099 272 3987 
6536 8455 596 4311 8766 9690 7790 3279 2498 6498 9668 6637 18 3901 4111 8090 9225 8387 5998 8372 
9735 5740 8672 6326 3085 6543 5220 869 7403 7744 5876 5397 2080 3552 3718 3218 3883 2451 6938 8874 
3732 1068 6583 7394 6346 6913 5936 2574 5976 4670 9567 391 9474 8370 2887 2298 3714 92 159 712 
9170 4151 3631 6162 7210 7946 3175 9228 4601 6926 5638 8955 26 7412 9106 4722 3557 3479 3429 4932 
6762 7413 5650 6868 5366 3537 4350 7451 6313 6110 5555 143 9167 8909 5602 8594 3268 3029 6141 9493 
4871 3627 9730 3962 1791 1353 5471 5468 2125 7487 7546 6380 8621 8787 2925 4511 5554 571 1017 604 
9338 5857 9871 6997 343 4173 4409 7182 460 1371 4924 4323 6347 8730 7985 3226 6302 5668 6538 6818 
890 2400 2757 4574 4087 7628 2726 8855 3936 3582 6838 8106 9871 7576 9569 1114 3262 8052 6884 2286 
6569 9012 1420 8986 543 2016 7663 6468 3359 4477 3040 6079 5309 8118 207 4773 9379 8814 8872 1864 
6336 4592 2175 4186 8184 1044 121 7855 372 7731 8860 385 4706 2393 2995 7534 5135 4521 5229 4769 
3585 9061 233 4875 1980 3986 9620 6935 1040 8237 9362 3691 480 1009 7446 6433 3710 1886 3461 2078 
426 4149 8631 5463 2244 895 486 8425 8576 9267 533 3792 5081 6636 9095 840 5785 2576 8758 2238 
6580 2511 99 1330 9951 2730 7968 1441 7361 5231 2853 5758 8788 2596 600 7013 5091 753 39 7845 
6972 7575 9020 5327 3972 6616 3433 2090 6816 729 698 3850 5643 1711 444 5655 3463 8800 7065 4124 
8717 7713 8931 691 6798 4687 3704 1131 1036 5903 3171 1020 4917 8389 8830 3149 9263 8295 438 7625 
9730 2085 9530 5533 856 9489 1527 2876 4918 4639 1786 9878 6549 4952 667 69 1451 7267 8385 7230 
1033 8710 2181 779 3931 4424 6545 4479 8746 9926 9513 9852 8493 5631 2376 6906 522 9580 9186 4162 
6051 2317 3620 3806 3840 6645 6096 2478 2423 3078 7873 4583 7457 2714 7775 6966 8351 1525 2661 7023 
7210 7501 1324 6412 7781 7371 5697 9587 7658 581 4008 8363 4371 7512 12 5527 3967 1291 4103 8350 
9299 6219 9482 1074 5017 5347 7059 3894 1933 785 2941 3393 7912 9233 5638 9544 9725 3749 9324 3583 
4242 374 8722 8534 3145 6088 43 5299 8859 2201 8902 619 4190 7706 1709 2255 7056 3750 5376 680 
6471 8883 2321 5076 7366 5535 8409 6343 9014 156 3404 206 1288 8015 298 6804 2378 128 2957 8804 
307 4448 2522 572 976 4752 6317 6326 7652 3114 1291 4872 4246 2843 3978 8440 3978 334 5082 5334 
8399 5799 1127 4360 47 14 7710 8825 1097 1770 4168 6557 2802 4993 7792 357 3793 7566 179 2489 
4517 9984 6468 6894 5954 9080 3265 3554 3511 3700 1515 2663 266 4418 2970 4467 1321 2429 936 8687 
3159 9076 306 466 5 1757 9095 5820 7262 9753 7689 2779 5970 9266 4267 7495 4067 6465 7214 7492 
8961 7447 7084 879 2254 9960 485 9535 6264 7535 4802 5277 5025 9937 4993 383 7703 2723 7139 6688 
781 682 9325 3372 4196 4697 960 9262 4758 7143 1094 7629 5381 1386 7180 5263 4474 5136 7522 1476 
4418 7786 3387 1668 5171 6248 9718 4795 3689 9472 4743 3855 26 5013 5467 4140 6565 2403 4331 1619 
9317 3747 1647 431 7175 988 5397 5000 4439 3416 7538 7000 1784 2140 1748 8702 3957 8073 1543 2267 
2246 8271 4953 2111 9409 8615 5578 7842 2076 2139 2409 3525 7107 5347 162 5303 1053 1116 9696 9804 
6062 7326 3798 9611 5436 812 6901 683 5683 5445 9846 6772 2891 55 3636 8989 3279 9343 5159 2417 
5487 5905 2948 8921 9568 2041 6995 6995 6115 1337 3533 1939 6272 7086 9529 6157 7171 7291 2258 9629 
8533 8142 9181 7 3306 1930 2412 7708 617 626 2974 377 4454 48 7919 380 9362 535 6819 488 
8836 702 8373 5255 4690 2888 6842 165 8856 453 2485 1314 2946 4016 6562 164 3122 5016 1193 3519 
7769 8103 6002 5720 2293 5956 7875 2098 9743 1850 623 8619 9010 3377 3437 8339 334 72 5529 9047 
5142 6429 172 8780 3240 8606 2280 6688 7001 1894 9032 2792 2652 2541 2855 6591 7685 8189 1561 294 
1124 4717 3478 6713 1002 894 9451 181 9345 7938 6618 4753 6486 4551 5023 1408 4017 7381 3733 177 
3931 1055 2219 9035 7499 9558 5 8661 46 8776 5691 1447 148 5716 7577 2089 7925 7350 664 2396 
1745 1173 5383 209 9713 5245 5531 3999 3910 8253 7133 3242 2824 3908 4770 7832 3074 9436 7359 4259 
3294 9977 8685 1379 9114 4224 4352 6355 976 8516 2243 5791 7021 3066 762 3963 108 9421 5825 4101 
4244 2791 6569 5485 8671 8886 1063 3459 5512 4379 6466 4258 9202 8486 1179 1430 3477 2526 8900 8717 
3648 7484 9890 7020 8680 5273 1739 1047 4598 4801 8724 4218 578 7591 1223 7886 7907 5544 8653 9295 
5677 8127 9149 8832 5302 2607 9310 1811 2234 5406 6485 5025 7573 2424 8883 9184 6469 3856 7523 5256 
6996 4304 3429 1880 6189 3646 5041 5354 2733 2323 9606 3902 6715 3199 9755 9368 2263 4120 5750 8525 
5203 6805 6147 5492 7026 4931 362 9365 2678 9209 6397 5730 2497 5800 3050 2862 6110 7035 8171 7707 
3884 6303 7778 4000 5682 284 5571 8782 8872 8735 161 5953 4510 9877 5469 852 9195 9407 7118 3137 
5250 5710 1387 2339 4175 5939 1466 7421 9649 6868 7720 4264 1492 7920 1229 58 8660 9120 1884 4972 
8084 8373 1717 1565 3362 3251 299 8415 8563 6542 6512 3181 7606 1223 7939 9440 3890 4514 2247 5827 
578 4384 5448 7437 6591 7932 6166 4972 3753 1630 149 4679 1442 6363 1820 5064 8776 8519 6295 4727 
6650 4051 4327 4759 645 8090 7705 6823 4517 6897 527 548 2720 1738 4861 6575 3273 797 4198 829 
829 6284 5164 6632 5412 6934 7397 8417 816 5507 8582 7815 6487 7858 9358 7868 9732 6240 2841 6223 
7937 8481 7383 6701 5561 4794 3875 6973 6934 9816 7434 5680 9329 7955 6315 5675 3963 3706 4342 6072 
7726 4832 8113 5896 444 6293 9842 371 7924 6082 9067 1114 8652 5497 652 8721 1339 7570 1534 1649 
7444 5278 2817 8835 5034 9512 359 4199 7320 9269 8162 61 1208 9465 3678 9532 3405 1778 181 1970 
2761 7296 4256 4049 5332 4085 9783 1448 8123 7706 5935 9740 6662 1240 6227 5645 3737 3746 3162 9440 
6448 2504 2369 9793 2536 3616 6101 2817 2129 5445 963 4415 7785 4037 2558 3451 4899 1429 6665 7408 
5497 4750 2157 3058 140 582 3418 6313 8175 5011 8231 3489 2366 9307 5658 5314 4937 2008 7449 3121 
8713 4074 5555 1032 9049 3095 3452 2067 2677 1977 1004 8217 241 116 6482 1028 8630 6229 936 7639 
6923 9337 943 8293 530 8729 4692 6120 389 6330 8699 2363 3557 2033 5382 854 4935 1619 5056 1170 
3209 748 550 6664 5059 3347 1571 1341 8363 112 5811 9040 7051 9346 6033 5647 8778 9416 7396 1219 
8148 4426 1082 9440 7948 8942 9752 6078 8382 1101 5196 4191 7903 6254 547 5580 8279 2786 2092 137 
4252 7120 2236 6324 2308 1510 5202 1574 4341 3701 9569 2702 5220 7704 4502 4208 5746 938 8802 8384 
2310 7231 3286 3957 8730 3476 3818 4214 2234 2528 4047 1247 3474 1480 3133 6170 1124 6857 6769 5404 
974 6743 5340 6890 347 2428 4041 2275 6221 3257 1532 7703 3661 2494 6265 1305 7475 6747 2348 1468 
2413 6676 8988 8529 9827 6431 9436 4463 2160 3766 9319 4290 1264 3452 7011 7950 2058 3148 5646 7407 
102 4569 5966 6682 4458 7802 8871 8474 5531 9317 7555 3138 3353 3283 572 232 4837 6490 887 3309 
7199 9889 142 2552 1604 9265 6199 6992 6124 5672 1555 5115 3537 1920 8690 9475 8237 9648 4283 9140 
9166 3556 4551 9607 664 2728 6787 6951 2313 2318 2092 9949 3576 3874 4873 3075 66 1956 7666 4623 
7854 5025 5523 8333 1656 692 8911 7625 6455 5326 9255 3276 47 1997 9702 8799 294 5358 9324 8622 
7654 5896 8676 7476 5027 7183 1121 641 7906 1600 1789 2656 462 4500 9612 2731 8323 2086 3234 3905 
4682 9434 9286 4502 5368 886 7139 3711 5961 136 6951 9717 7286 2554 9039 4619 6948 956 3071 2988 
7865 9157 7409 4195 3907 4003 8791 9976 6358 7249 8426 8461 113 7900 7372 8063 4193 6709 8987 1454 
231 8641 5439 4345 7487 9443 6311 913 7606 7324 881 1597 7802 2908 8086 1705 890 1487 9570 4574 
5968 8322 4046 496 6755 7276 7490 9864 8350 8625 3200 90 205 5115 1129 9337 2236 8453 7138 5664 
8219 2396 6266 7400 2112 2361 3665 1416 4095 4028 9782 5839 31 7190 3832 5754 9204 9524 3821 9735 
1619 3060 7322 4057 7799 6612 516 11 5506 9891 9825 6859 9387 3849 1167 7585 7310 3377 9950 6859 
7777 2102 7993 3175 6674 2579 7761 7837 4557 9167 3753 7535 8053 2771 9342 1550 2852 6631 6735 1451 
6183 2433 7185 787 3643 160 3600 124 7515 983 9827 8432 2533 3782 2066 4515 9153 955 2546 6115 
4014 9816 1247 8732 9692 5708 1231 5066 4465 450 6282 316 3268 4163 2950 7751 404 4825 5780 6570 
8098 1861 1833 1099 9575 3243 5319 5247 4352 2489 6262 2048 1431 7910 1681 8380 4823 377 7084 9505 
6655 7424 1934 6351 1143 3715 7424 45 504 92 2759 3928 1290 3427 1868 4742 3982 5733 2639 298 
5835 1666 4680 4840 4367 6831 1010 9093 2799 5179 7286 7580 1152 9273 4975 9883 4274 1197 7367 7908 
9273 5154 1675 9840 2804 3417 1991 4997 8389 5892 8064 4383 9527 1850 8160 7733 715 5383 8646 8491 
3447 3553 8858 7532 8673 5322 3343 4301 8024 2316 8925 2608 8297 3245 64 1991 4580 8425 774 1551 
6136 9514 5259 6684 4460 3509 2269 5684 1319 8352 8202 3973 3993 9881 5743 9346 8130 3330 3922 1053 
7680 2223 4007 5367 4032 9840 277 4213 9220 618 8562 72 5665 6502 9453 4858 5882 5314 1703 1107 
3050 4819 6612 2329 6002 9447 1939 3980 3739 9457 6555 7259 2436 4066 7200 2005 4597 398 4595 3454 
4994 3622 2326 986 9135 4994 4494 4903 6307 9083 1940 9753 4128 644 5244 6492 4859 4326 5757 8280 
1046 2768 5871 165 5852 2785 177 8614 8117 4524 3906 9095 7914 2862 4608 278 7093 3968 800 4351 
4999 2111 4499 4565 7782 6615 7 3364 3820 1882 2418 4710 3648 5907 7395 8808 3350 7598 8747 4463 
7611 9318 6948 1781 8560 5460 9945 9919 6228 698 7914 9008 8642 2707 1237 470 1116 3804 3276 6682 
1331 6304 4450 1378 5681 5987 1174 23 9671 9755 1073 693 7953 8562 9640 3761 455 9900 3587 1956 
6189 1168 9575 3564 5657 4477 8212 9295 8212 1384 7490 2539 6511 7854 2800 3104 281 9758 9899 1416 
8934 6087 62 3936 6333 1790 8414 6051 9088 1458 2377 256 2992 1884 4479 8618 436 4702 3382 4015 
8391 5942 4847 1588 1842 960 1658 2890 8568 2791 4006 4289 2155 5802 5669 625 4398 2665 9817 5296 
2981 234 3135 2410 574 7983 3223 4288 960 4937 449 6633 4044 1724 6052 9579 2692 1566 491 2481 
2115 5579 1196 9006 677 1205 4956 6422 8438 1258 6063 9504 3831 4335 3486 8988 284 2450 3305 1756 
5024 6236 9212 6664 5880 8157 1507 2198 314 4074 1657 5645 3003 3420 7262 8471 1008 7223 3162 3777 
5983 460 8451 7766 7824 5943 1322 8811 2018 690 7 1534 4394 5800 8417 2195 132 4736 9195 4493 
1932 6907 1472 8833 605 4629 9116 7375 560 1166 6693 8839 1714 1385 5753 5521 1803 3075 2549 5104 
7464 1275 5024 3246 6628 9491 6465 6200 1872 2514 7604 1312 5358 6927 9194 9688 5242 3002 5644 93 
59 6648 424 6919 844 2614 2342 868 1668 4877 5981 4915 8247 6201 7191 8933 4696 6465 2026 4100 
9612 9495 8638 5733 6548 1826 7260 5761 1793 8612 7297 567 9678 8979 1594 1482 4278 5492 5377 2030 
7472 9245 2007 8415 3543 3605 7196 9892 2102 70 7476 1002 2313 3216 9993 7748 6042 4317 6094 1256 
4631 9151 4515 271 9182 6774 5724 1563 5055 663 3723 5845 3692 9454 745 2224 2596 9748 1942 485 
1235 8327 3746 232 4173 8679 6982 9632 6594 8277 2689 8553 1155 5526 9522 8515 6849 2597 3820 3990 
8152 8250 3842 8480 2845 3248 3231 2141 3486 4573 1454 1746 2426 4894 1431 2143 2046 6524 1475 9886 
8939 6740 7702 7726 2546 4797 8843 1151 899 4785 3489 4443 4725 8107 3026 7517 7575 3444 3867 8534 
9484 6873 3155 3641 884 9981 1983 2031 4886 9429 8432 2767 352 7354 6539 6667 4608 5167 1599 3231 
9601 7924 4049 3624 7584 2276 1489 3175 555 4915 4760 5096 7036 6935 6933 3926 356 7299 5462 5489 
8419 3779 9965 2137 9510 5424 1852 924 8641 5381 6038 4672 6356 3406 761 8756 5038 5498 3679 7904 
1384 7924 5471 8204 1102 8964 5937 1553 7344 5469 4690 9407 514 5696 5358 5906 7396 1729 1184 5329 
9532 2010 6507 4751 4276 5422 1284 9400 7889 642 9461 7849 4764 4409 1322 2162 4766 4843 2854 8993 
221 8350 9384 5287 4321 2621 5210 0 5415 2659 5127 4825 4407 1019 7275 9663 7072 3087 8449 5978 
5343 6641 4170 626 7879 4136 7911 1352 2444 6452 9573 2779 8171 6742 2121 2149 2349 9171 5829 4877 
1556 6499 6286 2898 315 397 5476 3654 6236 4870 1400 4140 2613 1728 1543 3830 7248 7024 851 8588 
4257 575 2741 6577 3070 9153 8186 6876 4793 3848 9112 4032 6148 346 2958 4486 9977 5785 5181 5217 
5125 6444 5163 74 3775 1 1945 7141 9041 7159 1284 3153 7516 9898 4649 200 5805 37 6103 400 
8780 1040 2593 6668 8343 7867 7971 7969 9009 1509 7191 5919 176 6157 9083 7323 9956 4314 1379 5393 
5211 1427 8029 3063 2790 3161 2026 796 2124 1517 2006 7445 8145 2279 7418 5310 6045 7374 5229 9119 
8442 9573 3872 2717 3532 7772 4764 6570 3808 5456 3784 2665 4028 6249 6081 8836 1717 5072 7078 7026 
7766 2671 3131 766 5077 621 8902 9928 3767 2930 6879 7708 1720 950 4297 7855 3386 5108 2258 779 
5135 1336 7194 5143 2557 4754 1725 4189 9076 2585 2919 7359 7809 9891 4688 4712 4867 256 2626 9300 
4855 1350 2973 2868 2873 7848 2722 8929 2957 4145 7943 4220 2631 3891 9797 5724 4569 8988 6504 5550 
5649 2326 1877 8621 2170 5062 1492 2734 7280 7840 6015 605 8517 487 19 289 7026 3874 7725 4644 
909 2056 7404 5786 9545 319 4852 8523 924 1339 3497 3083 5372 9968 2166 1069 2852 5012 8185 7808 
9671 5738 6053 3543 3322 2160 4448 5212 3203 9069 7523 5795 5610 741 6011 3489 6374 8157 1355 3955 
5485 3797 5101 1901 687 3738 6285 318 803 4117 2866 2009 9688 6719 6090 1432 3698 5401 3085 6631 
7992 806 9787 285 7835 8281 7910 358 2287 3850 5557 8429 2038 850 6483 5108 9056 1516 3034 3864 
8368 2527 996 4884 4642 9183 1864 1825 5780 908 3286 8089 9329 6975 4855 1335 9333 76 6676 9687 
587 63 6482 498 588 16 8711 3983 4035 770 6138 2184 6176 762 9313 5500 896 3491 6111 9815 
7509 3126 2312 2061 1947 6509 4344 6413 4354 5663 2289 1185 7279 1161 5852 7164 228 5567 6592 4386 
6395 1229 3718 7221 3070 3894 5355 7252 6545 6447 4442 3100 1503 2757 1010 874 9232 6781 7968 1240 
9774 5019 2665 7388 9250 5391 6700 8592 466 6332 4587 6466 3070 5652 9969 2276 4553 5440 1606 6389 
741 4043 5590 370 1458 2455 1166 8391 8675 2631 5201 1513 6046 7206 8958 8995 5697 5480 8868 1431 
7803 2690 9992 1533 2829 2089 1538 1804 1449 7513 3676 7716 8206 9726 4107 2341 9957 4282 4464 4663 
9024 5248 4632 3963 1940 439 9778 6182 6279 4414 3631 9397 1424 4429 8710 5719 7864 5648 4430 9496 
9807 4221 1739 6266 3896 7928 3864 7416 6694 4797 7706 6555 8654 7124 9834 7292 7652 5533 5274 341 
8927 9767 5720 5855 6797 365 8198 7763 2183 7514 1119 9615 8581 1109 6832 2760 3980 8313 9854 8502 
8987 8953 9984 7637 4505 8130 1775 6438 8419 7800 418 1096 9542 2516 2176 654 9698 8117 59 8455 
3182 8979 1021 9665 4184 4064 9174 5160 1088 7151 3724 1969 9045 501 428 146 5012 8419 3880 8606 
1568 4692 9161 5899 3094 1921 1238 6094 1489 1412 7660 782 8172 2597 3089 9679 309 3712 8223 1488 
9599 1278 3447 6774 9530 2720 286 2346 8944 5521 4249 7216 2466 21 68 7625 3844 4899 1533 5252 
7983 3437 5450 2902 189 6201 830 2086 1431 4439 9427 8269 3859 1005 6065 3544 3719 739 9505 1879 
6246 2858 6783 2711 1709 6679 7780 5883 3205 4010 5661 4737 87 3584 3322 2631 8376 3684 8561 4547 
226 7939 3385 722 5440 9579 365 5302 1681 1924 7770 759 1955 9384 1423 2642 1029 9763 9158 8056 
7478 1641 4407 5825 8630 5523 7461 3210 2972 2722 9177 6123 2405 5440 4957 3022 9093 8443 6623 4964 
8136 7103 2972 6293 4481 5066 8052 6395 9166 8451 1189 4144 928 7028 5192 9007 1261 213 3040 7358 
4349 7512 5072 9565 5539 9559 7085 9718 3974 1438 1334 8777 1234 3738 7190 3002 5344 3881 9009 907 
505 5884 7812 2094 4727 4486 5482 6054 4169 5348 3769 8296 1172 5098 4360 1159 8230 3846 6493 8666 
1244 3524 6303 7307 6201 9989 4180 2293 481 432 9197 6533 3454 8616 6102 7960 2693 7635 8647 4873 
7078 7752 9145 6119 7228 4026 8043 1945 391 5305 3808 4187 9560 15 3050 6738 8374 1618 117 995 
9175 937 8134 1983 4266 1008 4258 5965 5702 9926 748 3593 5185 4883 7470 6147 5143 3521 8357 1603 
4903 3067 9963 3617 3850 3206 2560 9070 2013 5463 527 6726 3912 4158 2270 4957 6422 301 1375 3356 
8649 6908 6926 4854 7818 9566 1221 2617 7547 7199 1532 4944 6424 8899 8969 459 4738 7011 7619 1954 
481 1492 1396 1021 6176 1569 4824 3350 2368 6149 875 6582 7207 5788 7786 1132 4935 8837 7691 6035 
4103 8802 6054 7936 6724 7313 4896 366 5329 3488 9694 1648 3428 997 2939 7728 2761 9527 4262 2113 
8677 2594 6696 8095 4197 6803 4661 4949 6468 3781 9976 942 6099 5240 148 2941 7317 1096 4514 1010 
9140 3879 2592 3587 222 6476 1047 448 6559 360 3420 3086 7504 7674 2722 6971 5818 164 254 7920 
9644 302 9567 11 4814 5614 9271 5551 1442 394 4278 9932 3442 9997 713 7058 1254 8740 3946 3375 
9230 4011 3344 14 3358 1044 5042 5658 4896 2242 6292 9983 4775 2163 3903 6194 3454 6387 2564 3811 
3747 584 8329 7474 6377 7334 886 145 5500 409 1348 6074 8591 5290 1001 4283 30 1961 8672 7284 
9524 2162 8359 5064 2546 9345 3405 7437 1797 7348 175 8709 7743 8958 2187 3485 7705 7563 2921 7433 
8521 6089 8733 5593 188 865 8802 4465 3248 4238 6780 8428 9950 5249 3377 6432 2429 5415 6572 8034 
5164 6429 2906 6460 8185 605 4541 3804 6218 5344 1421 6830 2906 2409 8600 4993 7275 3615 5442 8894 
539 3498 3240 4076 8127 7260 5752 3278 9499 8321 879 5519 3290 4459 7738 5375 5598 4602 5464 4272 
3362 404 3907 2666 9264 7499 6865 5829 3072 5718 4997 1646 577 7539 8348 5980 7942 305 1913 8589 
74 6299 3142 2945 3237 208 2549 7104 6928 6110 3610 3522 2179 8473 5445 8331 9057 2270 6997 7144 
6930 6425 3701 2901 1820 5353 3978 9005 6521 8694 6116 7218 7194 6399 8136 1457 1675 9289 874 4547 
3580 9169 7771 746 7175 8450 4284 4107 4385 5973 9107 3966 379 9775 2773 6841 8103 4279 3385 2818 
629 2037 8251 8150 5674 56 5432 8236 2054 1496 79 9982 1916 6299 1119 1644 850 5444 6445 2823 
9665 1482 8061 6455 8326 7722 524 5386 2301 843 1640 270 708 7302 6212 6703 8038 4076 8998 9780 
4303 2527 7291 5160 5629 4942 9505 3204 2930 1694 7670 816 2794 9973 1118 5468 4024 1158 3083 2506 
1705 4298 8347 75 7942 4497 8625 1528 6015 7820 816 7292 7219 2412 865 1607 130 1242 6403 3503 
4092 8224 8328 4780 1684 5470 6579 5308 4080 4072 8838 251 464 2609 7234 3937 589 1817 7527 3145 
8446 8154 7001 332 6301 2929 3268 4152 7348 324 1344 7278 9392 584 7532 4515 3032 445 4647 557 
1294 6181 6651 5777 237 5756 6051 6613 6728 8758 5421 6586 7550 5390 1685 1646 4420 9368 2781 3040 
5713 3854 7926 8173 6690 832 3883 2174 4797 6551 9162 9788 2690 3706 7174 6446 9338 2934 1887 7298 
2339 2788 8398 9972 188 6962 2256 5308 3475 9173 7627 9643 184 7813 1429 8585 6810 1382 7637 5309 
9838 889 8700 8801 9905 3683 2282 5040 9908 1682 5719 1439 3868 3747 1232 7269 3291 7925 7333 5218 
7401 8899 4432 7672 106 7906 1842 8372 312 3798 9008 8503 9509 5609 3633 4001 7137 4867 3307 1746 
4312 19 2204 8681 6087 3100 9089 8855 4110 6689 6723 60 3172 5729 6441 7856 2692 6997 6923 834 
9976 8678 727 9070 1840 9902 3456 6363 9232 8348 6620 6396 3323 5001 2368 5772 1969 9575 6706 1451 
2845 8190 7853 1649 8169 7442 1206 6882 3663 4192 1720 8823 127 6777 3074 295 8822 3160 9303 1542 
7382 1923 4919 842 7444 111 6012 3533 7946 624 3048 9626 9751 168 8025 3516 8257 4892 8197 5598 
9010 2160 1087 703 2415 1857 1927 3293 8163 3366 443 4077 4536 1259 5178 3487 7166 5701 6203 724 
1203 6636 4937 578 9701 9884 3890 6290 3252 9553 2177 5423 7909 9843 2266 6795 2654 6866 9144 7375 
2846 6932 3015 2980 3818 2897 9057 6329 8157 7584 2951 610 1463 7841 3324 8019 3225 529 4535 5134 
9180 9220 1315 3338 6679 774 715 2234 5023 5242 8828 4486 6672 2994 9095 2370 9073 5295 1447 5236 
7281 5520 1892 4901 3171 696 2904 4863 2205 9954 2803 8444 4194 2230 5015 2759 4512 7707 37 6767 
993 3029 1288 4611 2853 4581 6674 2498 5527 3472 1624 4471 9705 7668 8476 9979 7077 3169 7895 8830 
1047 4549 7431 5512 8016 7372 4861 701 9705 2741 6822 3165 2265 1192 7102 6068 3717 7338 3562 6082 
2348 9925 9031 1281 7040 331 6227 9882 1970 7705 1406 2486 316 4340 9222 2182 8309 1016 4630 2824 
975 7845 36 174 47 7985 2037 4382 6506 6876 606 7764 690 7597 3683 292 5887 2686 3305 2324 
2769 1345 4699 2800 3555 8074 3561 5645 5320 4449 3656 9263 2171 1819 8294 6115 9954 8795 4279 8913 
8793 4302 4431 3039 1660 7193 4652 4776 6699 1407 6565 9152 6235 7104 1115 4741 7194 7122 3091 1680 
3773 5652 3639 1314 2618 2931 8065 7976 450 7987 2696 2897 6617 1603 5203 792 8026 3487 3486 5543 
9249 7411 302 9579 6664 9003 4335 5612 639 3576 4625 4914 929 2392 803 9904 3705 1200 3866 1556 
3753 7988 8161 8750 4149 2224 9441 7710 9820 5084 9223 5377 8070 6414 2596 7446 6922 5291 8199 1104 
9610 8017 9646 5789 9888 240 3088 2166 5255 4179 5733 855 5627 1984 1773 7996 7053 3372 6869 8684 
3626 1128 5707 525 4605 2351 815 8359 4235 1406 6868 5834 6287 4430 8816 6747 1579 6207 4037 2648 
3233 4768 6370 4339 3026 7908 7450 4295 3745 9274 6921 7699 454 8710 8985 7161 4966 4304 875 1877 
1594 2711 8544 3894 7634 2946 3895 7279 1869 9337 6060 3040 3661 1662 9705 9820 2684 1177 5359 2423 
2988 1846 169 4305 7579 195 1992 9323 8684 9943 9932 1899 4960 3887 947 5487 7382 4291 3931 7040 
288 8074 4431 4457 6656 6674 7623 9457 5619 6183 2154 2639 4177 6380 6142 108 6465 1590 6080 7427 
1275 8638 7869 8682 7413 4350 261 9091 2079 706 6179 665 8179 4265 4502 3167 8482 3441 7822 4282 
4455 2688 864 3943 2274 9452 4111 8862 4784 7537 8348 6630 369 3438 7245 7494 2335 3890 2780 2372 
1414 6277 7459 6873 2853 5321 8904 8581 2583 2368 6938 349 3161 9418 5202 57 5743 5111 4853 6967 
9711 5861 7877 886 3404 960 9489 6034 2486 7668 1733 3232 5161 6200 8091 5330 8435 3189 3427 2395 
2588 4704 139 3877 6301 3714 9399 9325 4832 4751 5195 7992 3405 6324 192 7051 8479 2100 9212 601 
356 7832 1745 8705 9784 416 1139 4446 4359 3237 2330 2389 6066 6996 844 2913 4492 6918 184 9766 
3479 2523 6720 1566 3960 2720 7947 5159 6089 4480 9258 1785 2982 2715 9685 7093 7602 6144 195 2299 
8050 4839 6113 798 4236 7198 2447 3100 4539 9835 7796 3177 9531 8765 9261 3904 4668 5556 5641 5247 
9483 7101 8896 3299 6553 5953 6003 960 1676 9646 3862 4366 2190 3247 5407 3374 76 8294 2945 118 
7813 3458 3184 2340 2853 2438 9194 9295 7168 3156 4282 7338 3329 3546 5732 6109 3697 8141 578 4960 
93 5406 6876 347 8453 8813 1183 7525 3331 3095 7843 3729 5671 5023 5417 5266 6765 8232 6342 1457 
8624 8611 5902 9954 9468 9390 3529 4261 5207 6269 7404 6394 491 8527 5958 4264 5820 8144 6545 3147 
8928 1127 9334 9703 1001 7744 535 2713 9084 8176 3401 5977 4071 1522 1691 4169 7366 5234 9218 5764 
1687 4753 5676 3803 6716 4843 7370 3070 348 8933 2319 3764 1449 2005 4335 1976 2190 4021 2651 4114 
2110 5017 6479 3327 3890 2033 7629 2516 7765 2773 7256 2268 4090 50 5954 8767 3499 912 2140 1009 
4836 3122 6632 1943 6493 7559 4534 2436 300 1856 1273 4918 6294 30 6167 5190 705 5781 1762 6671 
1848 3967 5646 6083 5601 8326 117 1767 7623 3474 6527 8382 8206 1081 3367 2741 5278 5726 3579 3300 
6496 4722 2199 9183 9898 787 8202 6178 2238 9907 2919 6250 9166 7045 1297 9821 5157 98 7478 7128 
3482 1439 1623 1621 6559 6472 1364 5990 7731 7481 917 9839 6827 6952 5793 6974 7938 8418 68 328 
7081 7586 5558 9614 9897 7743 6546 1544 1415 4781 8226 3824 8475 2887 6246 5574 1223 3563 6985 4756 
6081 7739 6672 2387 9240 4335 6333 2793 6026 8111 8385 2814 8869 5904 91 4683 3886 5105 4193 9314 
2655 4042 4000 8711 4188 3282 3558 4810 1482 7845 1742 8483 6072 9815 3257 9454 2130 8082 2711 4792 
45 8143 9806 1168 7891 4674 7264 1134 5632 376 430 9389 4784 7559 9476 7171 8865 4701 6165 1895 
9633 7311 6101 8291 7220 5222 2453 7913 9023 1434 5623 8250 9291 2267 6648 3648 4694 1129 2898 5217 
6651 5357 1139 5133 7744 2274 8140 18 3718 8799 9121 2663 8392 6595 8857 8837 5203 9165 7528 264 
387 9352 7824 2304 9777 1720 5068 3791 528 3325 1591 9359 2927 4607 817 6412 2560 2316 2814 3006 
3839 7652 3692 4142 944 8149 2476 9212 2875 5609 5320 5491 6182 9469 4750 5718 1440 8524 5148 2750 
5666 4821 3180 8296 7248 477 2699 8575 4160 2393 3591 8905 8790 2780 6930 9449 6598 668 2788 9286 
8638 4261 4260 854 802 8791 4706 8829 4578 144 3004 7119 1872 9630 7805 6514 2386 729 2635 9057 
4401 7468 7017 8706 7121 1092 6034 3129 210 6000 4170 5181 1064 5633 6338 876 8092 9402 9275 2119 
1920 2011 8545 4226 4974 1433 8106 5099 7127 9565 1141 716 1245 4232 1295 785 8527 5051 9550 4866 
8949 88 2821 5710 7532 9072 8526 5427 6005 3605 6720 3523 6676 936 7577 956 832 6114 3373 6362 
5665 5758 7937 7213 4358 9857 1502 7107 7325 7955 5679 6178 2582 3084 6727 1421 5289 8548 8429 3375 
6986 3067 2302 7984 3200 4184 3236 3073 5518 2439 3827 3856 8439 8575 2675 9674 7890 2878 2880 1212 
6172 7208 4631 4859 3740 3449 397 7554 3225 9357 5416 295 5667 331 9064 4538 8541 240 7815 7748 
1069 7034 1967 5324 4831 9294 9499 4817 1140 5516 9907 820 5697 7036 4944 5987 9574 9679 5580 8575 
9782 5229 5767 4212 4619 6682 7901 4438 6301 847 1402 2095 5094 1929 3123 7480 9040 2957 1980 195 
7295 4924 6921 5353 3765 4125 4270 9991 9424 5390 5356 5563 4261 2544 2716 7697 4354 6867 6941 7032 
4815 6454 7486 8918 5867 9365 8642 2053 9563 8827 54 3293 735 127 7811 4995 8686 1344 7557 7642 
5015 5694 1314 1424 8409 4952 416 5768 2636 4380 9203 132 4978 2906 1640 8179 663 4920 7005 9872 
5874 1633 8985 4438 5115 918 104 57 854 2296 8341 5893 4371 9027 4898 8251 7385 8582 5745 3246 
2264 2871 7741 5384 7972 7968 8003 6375 7315 8395 2748 8910 5884 9156 6831 4702 270 8115 9187 914 
8701 6425 4600 1299 1192 6198 1755 8579 5414 1339 5492 7443 6054 1384 8347 9245 325 4371 3304 7883 
7929 2700 173 798 3236 6388 5684 7074 3994 6159 8306 7101 1675 7681 9315 7326 8244 5942 9441 9297 
1955 9372 7602 6783 2841 4812 2725 5037 2382 8945 6670 1612 218 5660 8865 4804 2036 3843 3779 887 
5821 2678 1323 2127 5282 4187 4870 9772 4093 1775 638 1450 1879 2936 4910 3639 8517 3979 665 2386 
4905 6143 6089 7600 8243 8547 5434 3666 8088 1179 395 5358 3155 4753 3620 8880 7110 5006 3599 5121 
6066 5369 9798 2516 1319 1193 6277 5017 2232 5989 24 425 7890 5653 9231 1037 372 5430 3659 3947 
4546 4539 1639 4398 6783 271 796 2962 3797 8429 9944 4085 7040 9976 1730 2073 7922 2350 419 3285 
6442 5103 5972 1425 6343 9463 9615 5827 1397 2008 5299 2931 9714 7148 3026 4143 1790 9293 9148 570 
5599 5731 2723 6652 540 6402 6746 3121 5522 8231 1233 3058 4206 9838 2082 1503 5360 8222 1452 8937 
4697 8576 4762 7787 3246 6006 3792 7063 3381 731 5778 7721 8685 4326 813 4732 1395 7355 3182 4644 
8245 2267 6053 1257 2856 7698 3238 9825 6655 4758 6406 1869 5793 3991 746 8353 9832 6675 2709 1830 
9172 3970 6141 6163 5396 3995 9292 3253 6283 5243 3586 8557 5001 8304 4116 2091 5 1946 5232 8827 
7587 3139 8376 340 3187 3670 1973 6679 1289 3452 3481 8169 4500 5437 430 5044 2417 8732 3978 3841 
2511 4272 9250 9461 9203 4913 5725 4170 4884 3755 496 8918 1696 8225 4738 2631 8898 9132 6063 1134 
9613 485 5866 6635 3286 2058 9277 560 2151 5111 1181 388 4482 9951 3557 7176 6972 5822 620 9561 
8170 5613 8138 8187 6116 4337 839 2662 3802 3064 459 5435 7842 2805 5636 1273 7117 7650 9628 9375 
3280 3000 5564 9145 8524 6539 7297 8245 481 8392 127 6179 9097 4631 6232 2275 7909 1633 5728 5173 
8420 1901 9875 3372 9124 3761 3041 2366 7989 2142 5689 2662 1680 4099 6544 7439 2109 8527 2421 1203 
2547 3989 8821 561 3356 4076 5832 5154 2829 135 3453 8305 9868 4801 168 6945 2399 3025 7242 9303 
1716 3668 1063 8863 5694 9668 3706 8530 7790 1224 794 3485 2394 6406 4612 6446 7267 3147 1361 9372 
5671 2063 722 6403 7628 1615 4985 1722 5176 2231 3543 6519 7615 46 9883 4080 8022 5006 2676 1397 
4621 6027 8209 1647 4308 3174 8969 1190 3164 7692 7020 2476 2355 728 3284 241 5298 8567 5707 430 
927 5981 3490 1398 2597 5731 9495 9156 5816 3519 6114 8806 9131 3880 1569 8870 5521 5458 4802 2230 
7004 4874 9573 5505 1217 3033 9335 3850 2380 3753 3870 9867 8763 3761 3048 3269 1178 8574 2267 469 
2312 9173 4448 8124 9025 9579 5315 8085 1861 3745 2384 3953 7422 3045 9256 8032 4319 5375 9636 3479 
3256 4388 2521 1287 861 8418 1866 2679 7696 4619 3530 9586 755 6533 2617 6118 6903 3622 9571 9790 
3514 9609 2117 8275 1280 925 6080 3862 4495 104 7088 8256 8629 3198 6081 6366 6826 4490 762 5222 
1329 1537 8497 1005 3449 5891 9348 723 5577 5644 5674 1874 3915 2477 2012 568 8538 1470 1899 5043 
5516 3768 5686 4312 8509 9162 3385 902 1287 2980 89 6224 3197 3270 9484 4968 3345 5380 8152 4317 
7881 2130 8029 5375 9355 1882 5867 2601 9343 50 221 7146 8785 5560 9971 3308 9222 1768 1635 4489 
4472 5927 5760 6590 9483 9669 2188 5180 4777 2123 1125 7364 1084 8767 4428 6745 2789 7573 9421 9992 
5876 2238 667 9808 8871 3626 7544 9559 7632 4250 4035 5185 1997 9744 419 3182 7159 3061 4484 4369 
7804 2209 8269 1788 2004 9767 4467 9714 2451 3165 7242 3748 7248 6816 7541 5524 802 9138 771 5575 
7011 3357 9429 852 3799 659 7785 2237 1668 9101 9265 1708 9712 2182 1643 1025 9693 2761 514 8049 
4374 5726 4706 5267 8373 6232 1052 8583 9807 5021 518 973 766 5323 1105 3585 9030 4105 6295 3878 
3276 5112 4312 6416 2734 5424 915 3626 3697 9718 7254 6713 8899 5022 5861 1935 9497 4485 4875 6198 
2861 8922 6662 4889 1293 7410 6970 8985 1956 7761 2236 7883 5514 8888 551 9916 3507 5016 1743 1878 
7214 286 6524 9638 4647 7428 1719 1947 9782 5947 8849 8738 7492 1203 7074 9033 9598 257 2104 2572 
1535 6720 563 970 7502 6747 9314 4802 7441 9176 9135 332 1384 9047 6740 7177 303 8829 5373 8173 
5300 6361 3017 4172 4552 9492 6221 7166 2632 9796 5362 1218 370 8086 2661 2509 8765 3311 7301 7021 
4692 7399 187 9077 289 5501 2742 7392 7702 2030 6498 7304 4685 8214 1790 8547 3590 8710 3699 5196 
9334 2901 3394 3761 1201 3507 625 2705 8110 2974 7921 2833 6432 8973 5624 8350 9546 4944 3574 4867 
4833 8091 2089 8608 7569 511 2401 9754 4047 9669 7464 2498 7519 563 7847 845 9821 4312 9460 8567 
3889 6551 940 3254 1110 721 1529 2839 8005 6343 307 1623 9416 1907 6855 5636 3708 9988 9250 6500 
1403 7104 7089 5584 1906 4496 2570 1771 1100 1300 9787 5418 227 371 8326 891 2353 4991 6073 9324 
5435 6790 1395 1941 3672 2485 117 3582 4773 4028 2668 1274 4998 419 6583 9927 6780 7977 3029 2296 
9513 7869 6191 1066 8848 4826 3472 2009 8306 9019 4413 7955 8774 6652 215 1120 7521 5286 3961 4586 
2877 9525 9004 251 8905 6640 1946 9744 8754 3147 3018 7626 4317 1159 5413 4651 5820 2543 490 1499 
3133 3509 3469 4280 5522 1551 4737 2489 8901 5725 8916 545 4891 6286 973 5740 7332 6967 1184 5058 
3821 687 7929 9618 6986 7125 5022 7601 9409 7153 7524 7346 3050 5158 6020 7265 3887 1482 7558 997 
2626 9656 3573 2060 8341 4783 2898 4218 9579 2212 8464 5539 4233 9762 5480 5167 5835 1693 2337 3199 
1509 2757 2961 5619 43 5903 3731 5075 55 1955 3894 4694 9161 5654 1970 2093 4193 8508 5969 6626 
1943 9040 89 2079 5632 8833 7728 8317 1793 8700 4627 6020 3680 1132 7339 300 4569 5743 1657 4778 
4237 2630 6494 2750 2023 6233 2741 5463 9539 5803 1746 1981 6605 6995 8073 4645 326 4739 9560 9520 
3249 8067 7469 5909 9308 1382 2193 4789 5658 1992 1710 1962 6946 3851 1921 6304 2157 1596 2485 5209 
7733 9603 2461 9082 1545 7167 5436 7717 6249 6835 1290 3538 5032 2382 6411 6535 7305 2524 5920 9012 
671 9838 8587 1895 4454 9070 336 6084 8699 9402 7210 7543 4450 1657 9917 8819 7355 4309 2342 5779 
4071 7969 2127 8533 6620 9004 8666 5790 7356 2678 6622 3026 654 6906 762 3110 5645 8549 9950 4301 
9259 9020 1365 6195 326 2203 7498 6795 5993 7035 6291 5714 820 1402 7133 5834 6142 7444 9488 1524 
6734 2179 7478 6166 216 8390 8175 1081 8566 8782 8884 1021 1320 5992 5537 3044 4543 4126 9154 5093 
5373 4120 8192 5928 4129 936 9597 5115 4848 2500 110 1847 1647 4029 8733 1239 5533 2140 4450 9253 
4557 1192 8438 8070 1204 7420 4897 7777 4764 2257 5173 219 3799 1623 7088 5252 6128 7490 4156 4365 
6321 7975 4888 3177 9397 9900 9140 6760 2804 1763 2229 1250 9076 2813 948 8593 917 1787 5312 9210 
1514 520 4080 9116 2911 2856 7838 8266 5624 2948 160 6164 6939 1736 8656 9194 7946 5818 1770 9691 
2958 4311 8481 55 7345 6089 2238 9055 6594 7578 8502 1905 2277 7406 4647 479 7287 2370 4661 2149 
4706 6529 5338 1666 3031 4762 7839 9857 8510 8642 3432 3637 3175 496 5429 6985 5948 223 2705 2884 
6789 5496 5784 5428 8867 4026 1662 8466 2171 841 2742 383 7634 1410 9766 2384 8061 7378 1298 5942 
6986 4650 2414 758 3634 7007 8047 3809 942 3126 4752 5236 7183 6955 5809 7055 1471 869 8471 527 
5534 5225 8912 66 7880 9804 8407 655 1468 8558 265 2897 8260 2885 3188 6112 5984 2260 1881 8207 
7133 2791 870 7970 9644 9457 6341 789 1115 7142 7977 4273 6493 856 4991 5886 8950 1786 5565 1626 
9416 7284 1235 3760 6868 4324 9566 8083 6423 3421 5850 7619 3882 8389 2184 8454 1722 3798 7672 3871 
6690 3190 4202 6961 2206 367 5475 5837 1377 3672 7639 7958 1887 7001 6377 1955 5928 2578 9231 775 
5154 2035 1600 508 1284 2172 9347 8323 5135 7410 126 5115 6435 139 4630 6811 8620 2316 3051 4218 
5620 5469 7602 1010 3730 9295 741 4009 8687 7237 9733 2997 1258 376 3337 6759 3125 4423 3430 8597 
9635 7178 9728 5391 7033 6675 5094 8590 2326 6352 9501 8854 6417 9593 6226 2173 2078 9206 8536 1624 
9925 1617 8848 7120 1433 2556 4102 3892 5456 8249 6474 6354 6520 7240 9704 3776 8571 6888 1587 4083 
3356 421 6040 8733 2294 1435 8194 2375 4033 474 1817 2696 1344 4681 9791 9461 5053 1708 1401 525 
788 580 9354 774 4032 6139 5285 6155 1935 3158 7788 2001 838 7326 6517 315 7839 1354 6751 6599 
8375 2063 1148 870 1809 5707 4853 2870 6362 4183 2839 2606 9314 5114 7538 7641 3948 92 3600 6993 
7865 6529 4095 9032 4185 2533 7491 2589 9311 5918 8752 7161 755 2539 9779 2758 1092 9164 8242 5980 
8567 9327 8315 4678 9132 5884 2110 2653 1876 451 9846 5162 7436 8163 7821 8737 9438 7842 8344 1947 
7344 2100 4684 6487 8143 8804 1384 9894 9126 4610 19 4496 1897 1238 9549 1339 3833 3158 4812 8239 
5420 6612 550 7107 6184 3070 5622 1899 6389 2232 5315 9139 4650 7257 1253 8345 6953 4435 351 3065 
2292 565 3540 3148 2331 5909 3020 5966 4136 1318 503 5270 3634 5834 6621 2200 7224 7966 9910 9506 
1115 283 2533 7582 8232 9186 7047 6420 6290 8578 1846 5930 9933 9180 5157 7968 6016 2039 6930 1523 
8910 4464 6511 1451 4668 3140 5019 9110 2555 2070 3600 5161 9660 2653 677 8952 3599 9105 2746 4038 
2978 2327 4684 2029 3347 7772 1950 5510 4198 4078 5504 4156 7053 43 9085 3076 9642 1409 3105 9692 
4562 1358 2831 3490 7303 6028 6484 368 185 809 8343 6401 8371 871 3660 5257 5954 860 323 2988 
5970 3698 4315 4364 8198 9317 1752 9312 461 1341 739 4833 6599 966 3105 3637 8809 5668 7138 8731 
3428 5853 9621 7014 396 5672 5278 1829 5618 3635 1112 4007 3863 494 4052 7269 1724 6771 9401 7038 
4512 7149 1422 4440 9534 3993 242 5570 9629 1470 9521 1685 272 2218 7657 9733 8104 8539 8122 3331 
7006 1080 5345 90 1089 5787 1416 8238 4189 2614 903 4135 7194 5157 4379 5222 8724 8933 999 4511 
2108 4985 982 3200 5390 5064 2842 640 8714 572 8462 5737 4502 6402 2030 7806 6720 3483 1461 8921 
4005 3772 4291 3213 6277 8481 2606 2180 3172 5746 6743 8994 4704 5388 7111 7528 5478 8967 4362 1903 
3898 212 8928 4866 4106 6101 7479 4331 9425 2564 9290 9175 5207 8406 1475 5634 4938 4692 9776 8977 
1000 8790 4269 7936 8967 3728 3210 8214 6321 5034 2326 8633 1234 5935 3839 8958 8036 3798 9518 9361 
207 2255 3021 9093 6924 9791 9618 2195 3270 3174 4266 4471 8670 2733 6335 8485 7289 4843 5793 6439 
6438 3408 3361 2592 1080 5791 3403 3899 6497 6030 4984 1528 2615 6683 3663 7484 5597 4969 50 464 
1008 7903 1110 7112 5664 7783 7198 8357 5599 4098 2379 1612 8690 8399 9263 1473 8673 1465 3683 7859 
5574 7836 2214 5041 8097 5726 1202 1402 3689 3961 175 34 1123 8913 7115 3211 6603 1121 1050 7941 
6418 4859 4704 9618 83 31 4452 5268 4773 8570 9478 5881 3663 6890 8754 7371 4807 2650 1890 2579 
1520 7700 5453 7441 6471 5948 7591 8943 119 2566 8254 7049 1632 1496 7627 3923 5286 5658 3158 8445 
4714 4072 1113 903 3112 8035 3194 5901 7421 2778 2093 4018 2310 6529 966 124 1336 2746 2502 8295 
7457 4231 5967 5284 7286 2819 9262 1992 3917 9779 2208 1403 2741 446 7168 9884 4829 1964 5057 4148 
5262 1455 4755 9719 9628 8178 9441 759 772 1106 90 872 3233 5506 5536 5274 6547 7963 8028 5144 
8572 8817 510 3070 1502 4326 3552 4935 9417 222 8976 4910 3707 8038 6560 1913 9645 9636 1058 7277 
7334 3599 7339 7206 4236 8782 9718 4923 3776 4849 2441 1229 8578 2194 260 3524 2869 8495 4100 3441 
8105 2586 9773 7903 6196 5117 7950 6329 4107 7765 3992 4549 7265 1578 6287 7368 3701 1492 3327 9664 
5546 5100 1617 6308 5959 2240 7746 333 1896 7960 1709 4392 6891 7547 6409 3349 8636 8162 7611 9358 
4997 4509 1434 3534 7982 6336 468 67 5547 1599 4340 4830 2348 9147 7885 3387 1272 835 2968 4003 
6600 2814 5041 4541 7513 8965 7389 6728 2722 149 8062 2533 6785 5621 6299 1333 1904 1955 7330 4226 
7420 2908 2477 542 2252 4388 1589 4026 9859 3901 2297 353 4388 1594 5859 4647 2812 5462 4995 4670 
1194 1114 2653 8511 6327 1392 1081 3332 7568 8504 4446 1824 2564 7937 5836 654 8663 7413 3857 4487 
8028 6925 9288 6071 8866 7818 9485 5085 8861 6478 248 1250 3203 4076 8158 6267 5224 1972 4654 3124 
1400 6946 4119 6615 705 9011 7489 3682 7603 5582 9076 754 1317 9424 8802 1323 545 9418 9526 9881 
3417 6985 3227 6880 3391 4122 4024 3073 4553 6683 9937 2913 5370 5003 739 467 1355 2674 5246 2129 
7410 4359 3347 6337 57 428 4556 8725 1944 6933 5236 9420 6645 1630 7507 7664 6294 1005 1399 3796 
5508 4783 5297 183 9422 327 669 4376 8704 2457 1611 4910 8609 4903 8630 8164 9092 6553 1808 2530 
4353 6357 9382 9706 1347 3075 5391 5613 2436 6957 2994 9090 9834 2528 9393 5903 2877 7823 8290 9739 
4832 4894 6777 8089 8838 378 3807 717 1689 8537 9890 2447 3143 7240 8231 6102 3883 3189 4305 6566 
5969 1400 8475 9664 3934 6781 3351 6456 6547 7190 7130 8270 9823 2494 3318 4765 7700 2712 3586 9915 
8442 8864 8725 4475 5815 230 8272 695 5993 4752 5053 4984 236 9904 3037 760 7320 7223 9113 9457 
6236 6572 7749 1293 3652 7638 9304 3023 9620 8827 1802 3706 8693 2471 1552 1662 7440 1688 5641 2571 
1762 2100 4552 5462 24 8058 4730 9150 3515 3295 1691 2613 7420 2034 7778 5522 8744 9672 6790 559 
9987 1395 83 9253 9327 7218 4125 7845 2031 8768 3736 2368 2367 1996 1183 761 2718 5839 8882 5765 
7358 7604 7194 7617 3975 5097 5914 1717 7721 8692 441 2640 5196 8654 4344 2731 7296 1318 7325 3263 
4108 4205 8766 9602 2381 809 789 1470 3083 596 6713 9118 4860 6459 272 3577 9776 3787 5614 9050 
534 8069 9722 1206 2720 982 1004 880 4124 622 8887 8720 6991 7720 7474 4903 1310 4994 1637 832 
5850 5092 4997 9395 2829 4142 1901 3000 6509 3583 1007 7708 9608 5657 2425 8469 5325 1958 5839 251 
790 9525 4898 8018 5448 9865 8905 2405 4831 3040 9793 4689 2198 9671 236 4886 4219 2260 2280 6279 
3953 472 9412 8950 239 2031 9841 3482 1338 9873 534 4450 9694 1311 9995 9254 869 7463 5936 9418 
5929 6892 6566 4786 4427 9328 7212 3713 6118 1821 6637 442 9500 7356 1869 4727 6034 1961 6864 8612 
8991 4840 9385 441 4456 2864 1909 2026 3820 4048 1234 9331 4223 5437 1424 836 7886 9101 2270 5517 
9564 5313 7329 6509 1185 7244 2567 9120 8155 8257 8730 6175 6742 9312 8847 6343 9269 7400 2959 3409 
2771 4793 5047 9353 7483 42 3613 5340 6832 8881 9876 7823 8028 7079 3747 6491 7997 7084 7008 8022 
6629 9961 4063 6517 5938 4073 8714 1283 1390 7807 1589 6012 696 5130 2200 9402 1806 6347 6058 3248 
5712 2027 1093 6228 4122 1423 9485 6377 4910 5423 108 3502 5965 5241 5670 7233 8707 1309 2530 554 
971 7467 1001 6916 5461 8129 2821 8763 9415 4481 2636 8962 18 7398 1446 9911 8739 1679 5075 9047 
527 6395 2807 2525 564 7042 5140 6599 6322 9575 7845 8667 6866 2343 9346 8261 6290 1909 153 9291 
1280 9630 4618 486 8806 2969 1189 7878 3980 5897 4246 7521 4863 5420 4857 7312 9285 7787 11 5360 
2428 4359 9244 2175 2057 169 9620 3272 3835 1218 7188 3841 3178 1326 8625 5531 3652 7272 4330 3652 
9998 7481 8075 2258 7815 2364 7845 4332 1591 1868 1097 8010 7078 9494 9491 8747 6976 8422 2191 6486 
6261 9743 2882 6065 3726 5442 6869 1425 7384 6847 7787 264 2409 1932 2375 5410 4565 229 9100 5716 
531 5194 418 9225 5236 2966 6407 6603 7223 627 8077 7906 227 5123 6848 8946 2504 8675 6216 4485 
2079 5752 2326 1682 754 2276 2720 8455 6125 948 8470 4490 465 284 7890 457 4587 3101 4725 6304 
9224 4508 8969 5568 174 3711 1683 9416 6289 6788 653 8611 8841 2685 1273 7230 9913 1293 66 4995 
7577 6076 1383 3208 8662 6668 409 4397 1946 2961 3701 6300 6789 6765 4039 8458 5342 8980 1339 3722 
8057 4258 9278 2240 6390 3691 9753 9503 5183 7531 5180 8713 1436 6499 2851 9494 9201 1165 4370 25 
5169 6936 9437 3474 9494 1024 328 6698 5582 514 7823 9467 3588 9203 3455 2062 8695 4854 5072 3002 
1223 7497 1287 6469 4090 6239 6587 8722 2192 5099 26 7931 6081 2128 6157 2829 8691 868 929 4310 
7884 7035 6730 3733 7386 2861 7321 3612 8334 5204 607 9348 7663 6630 5685 703 1558 1243 8078 254 
5983 3250 8453 1180 3520 5260 6890 4844 2110 849 6488 591 4762 3655 1000 5438 5714 7779 2890 1007 
4381 8259 90 8561 9564 3287 1418 1051 8943 1831 1927 4621 6826 7120 9196 3242 2278 563 2289 6120 
4392 2083 7125 3689 4634 3150 8748 728 8810 4254 2458 1762 8174 4708 6693 4510 4865 7786 5565 7386 
7246 8573 651 7921 3438 8282 1326 2549 7674 2501 639 2285 3516 157 1762 3425 8866 794 6992 9391 
3988 7648 7034 4022 6134 1115 1530 4640 3706 4505 2204 3812 7071 743 8557 2559 7101 1387 6955 8085 
8510 8709 6104 9443 9491 633 944 7634 6796 5491 2118 9012 8929 7347 8909 697 7420 9233 802 1081 
3968 3575 8135 4403 6357 9612 8402 9920 3635 9956 5993 3307 6846 6769 7211 2199 4580 7308 1623 9585 
508 1539 2575 1001 5220 7480 8620 8803 3594 6968 4251 6820 7605 1897 5508 9836 3426 5417 6166 6130 
4103 4186 5819 2532 9345 4562 9151 5043 1755 2253 3724 3738 4207 2812 7812 5612 2139 8346 4791 3062 
7075 5587 4736 5692 3231 2560 2965 7125 7222 6872 6113 3203 1660 227 5532 1258 6236 2792 5219 7027 
2778 1643 7978 3138 863 845 8608 5889 1224 7289 9811 5861 4449 289 870 8748 1 2469 7792 3765 
2133 2992 4669 8446 1550 17 7839 7174 4724 8313 1618 787 7351 5824 7368 5508 9746 772 4241 8277 
4450 206 3509 4503 7737 6654 225 323 5415 4797 7669 8055 9802 370 6989 7999 3113 2638 8338 773 
491 9347 4639 7067 9500 566 9098 4364 888 8985 3125 6174 6872 6759 3498 2146 4047 7162 6582 8500 
8228 7251 8270 3926 1408 2871 5804 2261 597 2260 3950 1406 7513 7855 5162 9043 5349 8134 5037 4659 
7604 7977 1111 1862 6724 498 606 7958 5372 7581 3457 3784 9918 5857 5809 52 5324 8718 2715 4414 
1620 273 8643 7458 636 1903 2984 2877 2441 1778 5877 9943 4913 5399 5394 4104 6734 5666 6186 2596 
5640 9505 9720 4121 1297 7980 4843 2315 7687 4741 6857 8505 1843 6401 6697 9701 9102 1212 2042 7863 
5917 8314 9332 1695 5684 2426 8046 9519 1913 741 6000 6008 2206 5773 1513 555 8255 5419 6161 4822 
8699 964 9798 3175 5284 4681 3945 5516 3468 886 8318 494 624 1349 9814 4261 2547 6783 6340 3136 
2279 6332 3228 9088 2588 5277 511 658 1563 9682 1511 4191 1737 7944 1351 9197 8649 3846 1086 1320 
4418 2837 2201 6653 4494 4582 1904 7813 9074 3156 7140 8111 2444 7597 4241 2782 9298 6814 4400 1390 
6480 6270 6179 3035 1883 7247 8160 6129 9950 9497 8338 8157 9711 9889 1340 5008 1682 5373 1649 8344 
6847 3272 4017 7378 8635 5621 5010 1822 9599 7307 248 3626 1202 4575 7509 3912 6319 3422 4788 6896 
5701 8350 9163 9846 4119 5149 6623 8878 3088 7662 1294 3755 7113 2533 6759 2819 8831 8183 5925 3036 
5855 1339 7574 8796 7875 9752 834 5206 4887 36 4349 6587 8042 2366 7450 1846 367 2541 7798 9602 
5641 4824 6570 7934 8375 3769 56 4515 5609 275 4788 7989 6858 4028 8128 7268 2722 8719 1049 7935 
1796 5318 9888 231 7501 9270 8962 2906 9015 8453 8529 2888 1655 7151 8587 4157 4512 7883 9600 9072 
2212 8769 9704 1021 3143 515 7737 9298 5523 3263 5871 3858 3560 2055 879 4615 2038 2770 6997 8213 
7261 6265 5819 8545 5833 1695 4739 5526 9657 8932 3576 1710 1773 145 1097 5477 4424 9322 4181 2480 
7102 5918 9669 1419 6374 8318 867 7593 6194 8252 5873 9505 4861 4135 5056 3925 9584 1842 6555 790 
789 3978 1987 5422 7056 7737 808 8744 8292 6448 7530 2971 3305 361 6145 2637 9450 3679 1526 2120 
19 3251 5912 8954 4621 5405 3888 3777 8076 4231 9094 4772 4378 1152 4843 5491 669 7116 9129 5368 
6161 8002 6296 7219 4336 8518 1349 6331 3970 7337 7593 1152 4659 2915 522 6314 1974 4568 6105 6360 
7855 6538 2153 6696 4396 6153 3533 6899 4868 1554 9143 5906 1049 1680 7619 7935 8569 4907 4037 6540 
8643 5193 9392 3487 5699 6926 8051 5480 1551 2992 8095 3383 5422 2373 4902 9229 8653 6809 3781 829 
7321 8996 4146 469 941 4629 5394 8191 6111 4983 5555 9523 515 3200 3427 1947 7449 4078 7498 1517 
1863 6620 5270 9856 4841 7049 1645 2105 8180 175 836 7529 639 7182 2275 6043 8021 8091 9927 7800 
2717 5796 1255 4682 8526 3174 9197 3861 8260 9854 8391 6362 393 5478 9930 6221 2450 2031 7464 8419 
5752 9988 5937 1064 2449 2362 9431 2359 8783 6030 8895 5550 6622 5762 2975 2664 8350 9673 8019 2867 
2423 7199 5541 2384 9145 930 4585 6915 4228 6484 1701 9830 1795 8739 1265 2300 119 9462 7532 6379 
7543 9061 7942 6572 338 2741 5559 1152 5177 1686 5286 2109 9681 6031 5612 8097 155 7809 4320 2071 
1828 3190 2748 5324 5896 6737 1815 295 3877 3496 5313 6244 6520 9162 7233 3192 1950 968 2928 4098 
1466 2797 2819 782 3479 7038 5335 3612 2725 8129 592 1665 1746 7337 416 4717 7303 7214 3959 3729 
455 4526 5568 2088 2967 3338 8366 3981 3020 1340 9096 6014 2591 7730 5355 4904 9677 8135 2628 1185 
8890 2819 962 2624 1119 3632 4768 6417 9284 1152 5067 131 4308 7162 722 8778 6599 5226 5486 8538 
7356 63 6593 2540 6508 9864 8276 8224 7605 8156 3369 4664 9992 5912 8429 5597 6901 8646 3577 927 
7785 6841 813 5108 7136 847 7698 7690 9821 47 3262 1527 996 2062 7504 279 8148 2592 3412 1920 
1387 7660 9274 4761 9955 4838 1976 378 7512 4499 4324 5650 3579 8428 3349 2775 9307 3781 5357 6231 
9682 9352 7244 8049 8532 4289 3969 5693 3608 9066 120 8134 5479 9847 203 8094 1282 5383 6093 4164 
3793 2477 8019 6579 9078 4525 541 3800 7354 1838 314 578 5742 5801 9092 9719 7674 141 7847 5643 
4672 5258 5074 6628 9496 2647 1406 9574 6010 4062 201 8784 7006 6964 5458 4034 1766 4202 1075 5795 
4328 6282 8250 9936 553 4394 5559 3839 8765 7346 6103 9175 4963 9705 2243 8942 6403 9905 4576 2093 
5516 7900 4454 2433 6721 2333 3936 5120 6125 1357 4497 284 8208 8347 8173 5224 3672 148 2963 2246 
7220 4192 509 7266 9834 7142 4477 4313 7741 2429 856 5960 1076 3382 2094 544 6720 6521 7209 9522 
5539 5326 3038 2541 3649 8040 615 833 1848 8433 7223 8096 3465 7708 5244 9362 4537 4689 8083 709 
9746 5951 8945 995 6173 5009 4947 8504 9760 320 6695 8336 2274 1463 9404 8497 3113 5833 791 1447 
6525 6658 8739 9471 451 3563 3445 6064 294 9921 4099 1239 5167 1056 4584 1156 7091 5352 8156 4981 
2458 8784 3251 3619 9013 2495 4539 9980 937 2683 2122 5591 2488 4688 6753 7025 5261 9285 8930 1574 
848 6048 3160 8036 6077 8910 3706 6199 2576 5847 6953 2408 9241 58 8540 4237 6266 9814 5297 4074 
3072 7060 5954 5688 6690 6293 354 2759 3197 5747 1961 978 2164 8979 4212 5981 1886 5807 8038 861 
84 9156 8462 3897 6650 6497 2658 4163 9057 6324 7692 6508 2400 1769 7389 4087 8927 8819 9747 202 
5239 3624 857 9280 1083 9275 626 2608 2696 6396 4044 5340 5219 3448 8981 8949 6358 5031 9984 3654 
3757 6855 5964 3077 3763 819 2475 7788 741 7877 4477 4744 5315 5920 3843 6196 7281 580 4154 9084 
7979 5121 6073 8416 940 3090 444 2226 4542 8977 4044 1812 2476 5608 8109 493 5275 5125 5024 3226 
3724 7756 6442 43 4085 3547 6593 7033 6708 5468 8188 7534 5555 6009 5942 710 1663 9810 6584 2136 
1625 9380 5533 5032 7500 8254 1271 5852 9675 902 8871 4574 4930 7392 7507 18 9237 2478 7237 