1000 999 997 996 990 994 993 996 987 991 983 987 989 982 987 979 982 984 975 983 
968 981 978 979 974 975 973 965 973 950 970 970 972 944 934 971 965 966 966 960 
963 965 945 952 957 933 933 957 940 937 955 957 947 946 937 949 955 951 930 944 
898 866 949 926 918 930 925 948 914 941 935 939 940 923 931 924 919 924 932 924 
912 917 922 920 922 920 894 910 906 915 911 912 903 917 917 894 908 908 904 913 
915 887 917 894 888 866 873 883 914 913 886 871 885 884 884 910 812 879 890 681 
878 898 795 809 897 883 634 871 880 872 855 801 876 837 860 673 884 810 853 877 
877 855 869 867 821 869 773 810 852 820 853 808 862 864 862 781 859 847 677 863 
862 816 846 844 827 850 862 738 795 838 858 786 829 836 862 653 859 849 784 828 
680 856 835 855 852 813 804 815 833 850 846 842 783 812 829 792 846 832 843 718 
554 826 832 809 826 822 645 758 707 772 794 787 808 765 824 785 801 824 763 823 
812 784 820 773 745 808 769 747 661 808 761 791 804 807 798 526 792 794 742 777 
769 745 782 770 520 753 699 651 665 650 766 618 698 751 763 654 558 750 704 794 
649 692 691 643 777 514 748 716 793 735 785 606 711 747 761 726 742 784 770 757 
672 747 769 640 772 700 727 762 715 678 726 767 602 747 764 751 714 761 581 760 
464 759 631 584 727 552 715 742 750 744 717 591 559 744 741 524 691 742 692 682 
673 730 723 728 663 312 584 706 302 738 738 509 733 271 706 635 732 637 724 704 
684 696 697 685 710 682 717 680 633 684 653 548 551 586 532 489 633 707 711 653 
521 689 684 633 604 633 643 706 615 517 692 721 428 650 667 586 506 713 661 626 
527 274 683 639 660 653 704 609 581 680 668 685 704 693 482 691 479 623 678 493 
672 678 668 612 637 590 662 650 585 411 519 595 612 604 637 666 478 565 632 516 
627 553 653 576 666 550 672 653 580 614 443 608 577 632 409 618 621 411 592 471 
426 650 592 604 583 592 634 624 646 352 514 494 528 631 616 624 434 628 591 571 
619 593 630 556 610 600 491 549 587 587 596 623 617 492 578 559 553 605 531 602 
562 505 588 579 601 486 600 588 509 450 573 577 492 551 146 548 557 311 460 425 
544 334 595 577 490 415 238 450 542 464 510 479 454 461 529 460 570 263 530 224 
567 555 405 502 441 528 525 524 297 490 253 443 544 443 552 481 541 263 434 449 
368 426 275 365 440 480 498 534 497 449 225 555 465 317 270 346 536 466 563 379 
474 474 387 400 484 377 443 533 454 219 395 458 499 464 9 96 455 546 115 309 
533 424 529 143 463 454 462 445 445 459 477 429 526 426 524 515 501 458 453 428 
102 294 429 260 453 468 413 514 504 490 417 460 451 437 413 475 469 451 330 266 
424 374 350 391 383 229 209 453 103 431 445 216 447 287 452 398 413 265 377 422 
428 445 442 302 353 419 394 439 268 339 312 319 432 325 422 395 424 434 373 177 
402 433 407 426 389 390 359 136 419 403 426 408 370 367 384 400 398 415 379 414 
341 318 285 386 353 368 362 239 408 321 371 354 396 374 384 192 376 366 345 252 
368 349 293 376 286 348 314 328 276 369 179 348 71 248 350 385 352 221 328 366 
365 363 361 332 356 312 271 347 343 330 332 350 75 346 344 350 52 303 311 343 
319 339 207 300 101 338 41 219 335 234 307 218 300 285 319 173 153 73 261 299 
262 274 301 262 315 290 314 121 252 163 303 302 264 312 295 242 273 244 281 293 
219 310 305 185 277 254 294 203 270 237 214 246 206 190 291 290 288 289 130 240 
189 280 188 287 201 156 219 191 283 280 250 278 218 254 276 264 256 261 262 247 
198 240 218 229 150 134 247 243 87 127 238 163 165 1 230 131 236 120 160 147 
232 183 167 221 227 213 230 226 164 211 184 190 91 209 194 208 202 195 201 194 
206 204 168 137 172 151 192 189 60 160 130 36 168 179 118 178 133 182 47 141 
106 144 177 69 174 172 135 59 159 140 73 103 173 110 135 156 75 128 170 154 
54 82 101 120 159 148 149 100 115 109 111 112 125 105 63 143 97 103 140 133 
96 80 104 92 48 100 83 97 86 79 95 52 47 91 71 65 43 94 48 42 
91 76 81 44 75 48 91 33 68 45 64 17 57 26 88 30 46 59 48 20 
67 67 45 46 47 44 8 22 22 57 34 43 42 34 39 66 18 37 32 30 
26 26 6 6 20 30 18 27 20 17 24 17 7 6 5 2 4 4 2 