9998 9997 9995 9993 9992 9992 9992 9989 9992 9988 9991 9987 9988 9984 9985 9984 9984 9977 9983 9982 
9981 9980 9980 9979 9965 9977 9976 9977 9968 9976 9969 9976 9976 9963 9973 9926 9972 9957 9950 9950 
9971 9927 9961 9956 9951 9960 9944 9930 9918 9955 9954 9954 9956 9949 9899 9954 9917 9936 9937 9900 
9951 9950 9884 9950 9945 9916 9928 9943 9932 9933 9927 9937 9926 9943 9890 9815 9920 9932 9816 9925 
9907 9925 9565 9889 9921 9902 9888 9859 9919 9907 9915 9905 9913 9864 9894 9859 9857 9878 9911 9804 
9910 9881 9908 9872 9806 9898 9904 9888 9900 9897 9905 9892 9883 9821 9867 9843 9886 9744 9904 9838 
9898 9891 9879 9891 9876 9705 9752 9793 9890 9889 9871 9884 9769 9854 9834 9882 9864 9868 9886 9883 
9816 9881 9797 9779 9877 9875 9873 9872 9846 9871 9774 9840 9821 9732 9834 9852 9669 9865 9753 9846 
9500 9820 9857 9842 9856 9791 9846 9841 9847 9840 9820 9743 9817 9810 9747 9744 9839 9782 9854 9597 
9850 9773 9701 9835 9787 9838 9838 9811 9836 9620 9807 9815 9579 9830 9443 9640 9814 9718 9834 9775 
9755 9827 9832 9633 9744 9599 9760 9832 9807 9827 9575 9825 9720 9678 9825 9814 9808 9743 9762 9823 
9608 9606 9804 9821 9802 9772 9798 9790 9754 9801 9780 9766 9796 9772 9740 9779 9522 9798 9438 9777 
9795 9793 9790 9677 9793 9788 9791 9787 9782 9713 9784 9751 9638 9767 9746 9735 9728 9735 9783 9693 
9607 9782 9778 9758 9755 9767 9776 9530 9766 9776 9692 9692 9722 9615 9714 9642 9763 9701 9753 9753 
9752 9671 9668 9744 9748 9746 9743 9739 9564 9733 9718 9626 9718 9566 9706 9730 9714 9726 9660 9579 
9696 9704 9733 9704 9703 9725 9719 9719 9681 9513 9718 9694 9646 9632 9672 9664 9184 9682 9730 9717 
9712 9222 9711 9630 9613 9560 9705 9705 9688 9441 9573 9711 9643 9569 9325 9575 9705 9687 9573 9682 
9612 9702 9679 9673 9466 9407 9483 9602 9307 9535 9263 9579 9612 9587 9694 9671 9628 9550 9698 9629 
9245 9593 9636 9645 9501 9488 9365 9693 9671 9509 9523 9510 9567 9592 9635 9076 9258 9527 9674 9578 
9669 9447 9669 9692 9656 9621 9600 9602 9691 9679 9524 9559 9453 9546 9434 9539 9665 9690 9688 9618 
9612 9685 9675 9668 9664 9657 9663 9665 9569 9506 9611 9441 9579 9649 9615 9574 9512 9393 9342 9648 
9646 9575 9353 9090 9558 9514 9560 9494 9609 9513 9478 9568 9607 9644 9171 9644 9614 9120 9440 9636 
9629 9573 9630 9469 9525 9628 9551 9559 9389 9491 9347 9565 9601 9620 9620 9484 9585 9529 9618 9571 
9463 9494 9522 9574 9454 9499 9618 9584 9056 9457 9503 9610 9285 9530 9599 9598 9461 9212 9596 9603 
9579 9586 9544 9580 9452 9418 9542 9465 9504 9435 9570 9532 9564 9576 9482 9418 9299 9575 9484 9519 
9250 9334 9322 9471 9047 9441 9170 9505 9436 9393 9561 9300 9521 9497 9549 9567 9115 9462 9534 9563 
9380 9566 9095 9520 9525 9485 9348 9460 9429 9553 9545 9524 9496 9457 9402 9527 9532 9526 9440 9518 
9495 9492 9395 9493 9531 9505 9483 9397 9436 9225 9230 9441 9505 9505 9505 9497 9499 9495 9500 9375 
9496 9461 9451 9494 9460 9427 9491 9368 9476 9262 9443 9491 9482 9489 9315 9485 9416 9449 9373 9311 
9263 9359 9489 9412 9294 9382 9418 9409 9475 9290 9245 9416 9233 9362 9390 9387 9461 9424 9357 9384 
9450 9346 9385 9422 9293 9440 9355 9457 9402 9474 9442 9421 9298 9467 9358 9261 9420 9425 9472 9437 
9253 8356 9468 9439 9379 7392 9393 8744 9175 9391 9457 9392 9337 8643 9454 6921 9431 9326 8058 8733 
9343 9149 9347 9143 9324 9335 9295 9254 9421 9418 9070 8693 8678 9228 9424 9203 8896 9304 9066 8561 
8985 9332 8748 9291 9361 9113 9429 9161 9417 9415 9206 7478 8538 8946 9416 9392 7969 8642 8979 9413 
9401 9160 9289 9094 9329 8561 8497 8860 8597 9397 9180 9416 9020 9250 9303 9359 9409 9352 7269 9407 
9319 9402 9338 8809 9399 9286 8744 9384 9004 9352 9404 9312 7969 9314 9400 9280 7663 9372 9372 9365 
9317 8825 9334 9218 9368 9232 9362 9362 9324 9231 9181 9359 9328 9358 9256 7493 9040 9255 9345 9177 
9269 9295 9313 9261 9085 9116 8979 9107 8925 9064 9158 9082 9354 9348 9291 9195 9346 9346 9345 9262 
9014 9138 9212 9345 9274 9343 9337 8883 9204 9308 8575 9343 9303 9241 9318 9314 9131 9327 9273 9337 
8930 9343 9338 9333 8993 9174 9331 8962 9270 8578 9295 9324 9328 9266 9013 9233 9329 8784 9186 9327 
8933 7966 8969 9231 9267 9325 9049 7728 9006 9203 9323 9091 9133 9076 8928 9264 8841 8776 9072 8690 
8944 9140 7924 8949 9167 9317 8969 9139 8977 9278 9224 9289 8351 9288 8854 8861 8945 9009 8828 9181 
8894 8866 7382 9286 9298 9220 9030 9230 8878 8898 9292 9186 9194 8946 9317 8998 9166 9237 9045 9275 
8746 7842 8933 9162 9314 9277 8821 8979 9144 9273 9307 8527 9310 9259 9203 9275 9153 9271 9312 7800 
9274 9197 9285 9240 9303 9156 9232 9269 9297 9210 9201 8790 8899 8747 9284 8868 9097 8911 8965 8478 
9295 9175 8198 8942 9173 9092 9209 9074 9265 9253 9145 9004 9225 7292 9265 9096 9076 8720 9195 9250 
8480 9188 9229 9182 9118 8971 9244 8784 9176 9167 9088 9192 9249 9263 8806 9166 8921 9156 9080 9212 
8473 8453 8836 9180 9223 7528 9194 9140 9112 9100 9220 9222 8988 9121 9132 9202 8206 8918 7886 9145 
9095 9119 8955 8647 9151 8833 8888 8134 7803 8950 8868 9197 8739 9077 8958 8717 9120 9023 9194 8237 
9093 9199 9083 9197 8321 8536 9073 9196 9093 9191 8827 9129 9187 8976 8918 9095 8864 9183 9183 8600 
6283 8442 8875 9161 9084 8028 9163 8817 9175 9114 9154 8814 8872 9151 8034 8118 9057 9173 8793 9088 
9156 9153 9157 7921 9040 8986 9172 9061 9169 9152 8131 8869 9132 8985 9134 7576 9166 8710 9164 8838 
9135 8855 8709 8799 9147 9102 8661 8576 8691 9124 9166 8475 9098 8611 8839 8847 7381 9067 8890 8765 
9061 8939 8833 8454 8609 9150 8985 8929 9145 9101 9148 8943 8704 8254 8277 9083 8952 9145 9007 9140 
9047 9070 8996 9138 9110 7478 9165 9105 9072 9135 8754 9041 8780 8902 8921 9162 9047 9057 9089 9057 
9015 8808 9039 9092 8476 8887 9162 9116 8862 8446 8874 8958 8913 9078 9033 8438 8103 8676 8700 9106 
8748 8724 8848 8375 8350 8713 8856 8673 8732 8830 8574 8581 9011 8884 9126 9012 8964 9023 8987 9069 
8625 8527 8899 8905 9010 9093 7708 9057 9084 8803 8185 9070 8470 8677 9101 9008 8945 8568 8863 9009 
8019 8663 8350 9026 9124 9032 8672 9012 8732 9035 8834 8859 8848 8090 8802 8871 8913 9025 9095 9095 
9007 9076 7790 8849 9093 9024 9005 9068 8791 8898 9055 9050 9048 8988 9043 8662 9040 8916 8306 8901 
9032 9039 9031 9027 8790 8905 8977 8402 9020 8508 8562 8269 9008 9019 8962 8730 8942 8876 8961 8945 
8994 9019 8952 8624 8928 8765 9012 8625 8701 9010 8991 9003 8989 8780 8943 8995 8829 8933 8813 8988 
8962 8987 8980 8902 8822 8747 8141 8910 8823 7507 7078 8134 7786 8865 8169 8985 8969 8722 8254 8981 
5560 8806 8630 7813 7143 7753 8719 8724 8282 8871 7921 8958 8799 8188 8589 8571 8614 7703 7960 8827 
8328 8174 7756 8870 8280 8810 8539 8104 8963 8843 8765 8855 8932 8973 8954 8750 6465 8230 7495 8428 
8931 6826 8296 8050 8461 8641 6771 8927 7269 8871 8076 8372 8259 7906 8592 8811 7788 7947 8909 7190 
7014 8845 8777 7088 8685 8933 8475 8247 8836 8950 8949 8453 8730 8562 8967 8929 8801 6903 8429 8537 
8705 6876 8967 7680 8451 8838 8819 8927 8829 7389 8699 8371 7992 8399 8352 8343 8922 8881 8440 8910 
6684 8462 8937 8766 7174 8038 8722 8699 8953 8909 8594 8297 8730 8520 8804 8711 8545 8912 7772 8673 
8800 8858 8763 7823 8491 8767 8934 8409 8787 8684 8449 8835 7939 8064 5892 8561 8883 8767 8904 6077 
8804 8725 8606 8822 7908 8808 8670 8905 8582 7245 8740 8900 7580 8348 7537 8866 8830 8154 8910 8232 
7889 7912 8269 8458 8294 8156 7937 8482 6668 8576 5834 8899 6219 8471 8802 4136 8097 7950 7625 8638 
8682 8739 8638 6655 7532 8204 8848 6953 8497 8718 7910 5498 7983 8505 8158 8376 8504 7623 6966 8827 
7107 8183 8074 8725 8239 8083 8530 6925 8882 7662 8455 8687 8096 7773 8783 8516 8816 5012 8631 8895 
8675 8886 8642 8774 8652 8706 7017 8529 8679 8737 8871 7601 8710 8883 8880 8635 8117 7119 7439 8865 
7266 8741 8819 8567 6847 8419 8685 6869 8867 8709 8710 8638 8872 8836 8857 8752 8422 8420 8062 8680 
8832 8182 8721 7865 8392 8788 8245 8111 8649 8816 8763 8630 8811 8758 8782 8778 8739 7652 6612 8417 
7124 8654 6555 8375 8567 6869 8754 8837 7996 6517 8187 8837 8636 8690 8735 6010 7787 8831 7312 8003 
7523 8710 8372 8785 5897 8199 7878 8660 8782 8714 6635 8070 8724 8414 8782 8802 8796 8802 8261 8699 
8731 8161 8667 7845 8348 8573 8425 8348 8326 8238 8192 8145 8046 7748 8495 7606 8616 8314 8250 8359 
8532 8578 8795 8791 7738 8641 8774 8778 8129 7372 8666 7942 8776 8769 8611 7512 8038 8621 7534 8707 
8304 8768 8503 8642 7812 5733 7731 8638 6759 8572 7388 7286 8606 8756 7237 8733 8553 8711 8608 7136 
7359 8695 8758 8350 8178 6655 8733 8714 7698 8700 8110 7958 8738 8245 8156 7906 8323 8276 8558 8766 
7476 8479 8106 8290 8540 8622 7743 6599 8686 8717 8729 5047 7958 8398 8653 8656 8222 8171 7985 8430 
8653 6742 7845 8630 8257 8155 8591 8600 7244 8574 8389 8418 8445 8671 8359 7980 8590 8329 4511 7040 
8366 8338 8720 8510 7824 5780 8621 8563 8681 8581 7337 8684 5115 8583 8464 8713 6992 7922 7984 8587 
8672 8529 8570 8702 8641 7895 7451 7910 8692 8313 8694 8625 7413 7992 8620 5936 8474 8523 8446 8418 
7412 8244 8179 5638 8097 8179 8326 7883 7983 7210 7946 7424 8444 8608 8687 5177 8157 8373 8675 8303 
8417 8380 8615 8646 7919 8088 8415 7811 8620 8666 8426 7634 8018 8343 7808 8095 8466 8517 8469 8557 
8649 8464 8419 7728 7744 7403 8415 5948 8019 6439 8629 8550 5740 8143 8504 8612 8353 8510 5487 8344 
7720 8517 8548 8633 8544 8646 6866 7287 8619 8593 8569 8654 8605 8455 8502 8643 8634 8385 7490 8242 
8157 8481 8212 7943 8619 8618 8612 8279 8575 8313 8549 8409 7529 7929 8600 8382 8266 8582 8333 8347 
8406 7809 7479 8524 8588 8525 8587 8579 8557 8025 7632 7771 8525 7528 8133 8524 8191 8566 8149 8264 
8581 5884 7955 7382 8566 8560 8585 8483 7968 8458 7237 7741 8471 8575 7026 6790 8534 8051 8453 7778 
8462 8438 8547 8341 7782 6706 8455 8454 7935 8085 7674 8392 8217 8442 8567 8382 7374 8140 7988 7418 
8152 8117 7445 8134 6693 7802 6997 7101 7856 8350 8122 8029 6572 8363 8527 8511 7223 8226 8370 8547 
8533 6296 8002 7198 8005 8545 7444 8272 7979 8127 8172 8015 8065 8541 8334 7027 7660 7700 7697 8534 
7877 8357 8538 7401 7275 8533 8433 8256 6781 8450 7138 6921 7717 8493 7706 8271 6599 8292 8275 8231 
8429 8519 7296 8323 8198 7637 4438 8526 8022 8344 8224 6777 8521 8315 8435 8052 7823 7248 8363 6374 
8492 8481 8526 8032 7303 6236 7570 7639 8481 6411 7652 8305 8500 8387 8219 8124 7717 8231 8164 8391 
8135 8509 8518 7733 8213 8451 8287 7911 6304 7879 8515 8502 7208 7434 8136 6934 8346 7890 7928 7507 
8389 8443 8486 7937 8439 8376 7883 8425 7868 8368 7531 8385 8350 8144 8219 8091 8347 8317 8057 7501 
6831 8374 7849 8416 7955 7582 8429 8140 7268 8128 7213 6858 7989 7880 7663 6862 8231 7705 8090 8105 
7934 6676 7859 7230 8395 7798 8295 7512 8428 7450 7658 8432 7292 8042 8357 7257 5206 7781 8336 7783 
7903 8345 6351 6038 7890 7786 7705 7976 6938 8250 8142 8417 6725 8134 6542 8028 7751 8148 7223 8341 
8485 8391 8373 8084 8251 7568 8458 7972 8077 7584 8453 6603 7924 8049 7821 8350 7436 5022 8432 8365 
8281 8061 7016 8399 8326 7118 8186 8373 8429 5469 8236 6998 8130 8241 8407 8260 8347 8160 8419 6930 
8150 8107 8252 7908 7707 7909 8327 8270 8419 7514 8109 7702 7845 8163 8073 8313 8391 4284 8390 8296 
8322 8363 7992 5320 7703 5750 8318 8098 8232 8318 7944 7416 8089 8250 7855 8306 8372 7575 8294 8170 
7547 6891 8067 7176 8277 7400 7502 8017 7977 8073 7847 7824 8339 8270 8389 6928 8190 8251 7516 8069 
8384 8309 8127 7909 7977 8194 6329 8255 6774 7914 7977 8029 7942 7907 5718 6694 7786 6865 7499 8291 
7180 8040 8249 7476 8331 7993 8338 8197 8016 7220 8250 8294 8295 8253 7277 7501 7880 8237 8171 8260 
7987 7938 7650 7297 7559 7955 8173 8128 4993 7891 5399 7847 7708 7812 7975 7104 8257 7516 8082 8185 
7963 8091 8293 5981 7845 6572 8277 7602 7936 7807 8011 8123 8243 7133 8078 7221 6521 8075 8228 8225 
7605 7839 7973 8179 8111 6026 8224 7925 7989 8028 8162 7513 7739 8208 8209 7787 7437 7055 8223 7499 
8042 7903 7968 7863 8212 8214 7375 8190 8035 8091 7485 7743 7586 7081 8173 8113 7329 7926 7938 7888 
7474 7971 7358 7260 8083 7886 7733 7685 7999 7487 7766 8152 7441 8214 7128 7441 8053 5157 8036 7977 
8129 5281 6720 8095 8206 5529 8175 7780 8207 8157 8103 7397 8202 7492 7941 7968 7174 7875 7555 7115 
7710 6789 8202 8175 7920 7792 7523 5818 6897 7407 8160 7809 7836 7577 7566 6955 8173 8022 7946 6279 
7869 7778 8162 8047 7027 6819 8176 7942 7820 6493 7532 7378 7559 8189 7574 8180 7125 7775 7600 5954 
6803 6915 7818 8106 7035 7865 8085 7708 6789 7765 7086 8092 5942 7504 5429 7841 7925 7289 7869 7931 
7615 8049 8169 4903 7920 7691 7832 7720 7997 8063 8162 7605 6820 7835 7668 7935 7877 7619 7704 6176 
8157 8184 8136 7326 7982 7823 8089 7203 7744 8138 8148 8163 8143 7848 7936 7855 7603 7342 7926 7579 
8038 8135 8010 7953 7948 7854 7726 7443 8086 8157 8115 8130 7885 8091 6682 7617 7554 7799 7067 7785 
7842 7939 8085 7946 7950 7914 7573 7843 7855 7611 7315 7071 7937 7611 7845 6777 7598 7864 7144 7395 
6590 4930 7338 7648 3156 8036 5852 8094 6738 7639 5032 5533 7629 4999 4511 6584 7276 8043 5222 5942 
6009 7769 7752 7881 7386 7890 8074 6593 5953 6553 3299 6442 6533 7638 7535 7028 7749 5694 7900 7813 
7307 7125 7447 8086 7674 7214 5570 4494 7191 8061 7437 6113 7149 7867 7133 7262 6144 7602 7093 7200 
5920 5315 7259 6555 7178 6089 7779 6826 6366 6002 4418 7837 6855 3757 6227 6906 6918 7085 8055 6566 
6996 6468 5340 5983 6396 8069 7566 1752 8026 7792 7028 4315 7832 5970 2988 7968 6561 8019 8052 7386 
6324 6730 7103 8021 6324 8070 8024 8056 6497 7298 5440 7422 7509 6136 5099 5497 7400 8034 5981 7985 
7924 7053 4156 7478 7668 7983 6034 6265 6804 6690 7532 7772 7060 7770 6967 7544 7550 6266 7731 7696 
5505 7765 5161 7004 5847 7304 7970 7980 7669 4668 7845 7459 6277 7737 7371 7858 7806 6016 7960 6753 
7904 7641 6630 7286 6727 6290 7840 7047 7581 7929 7527 4680 6300 5835 7692 7822 5733 7224 4742 6621 
4265 7744 5270 6179 7707 4103 6064 7011 5909 7413 7289 7410 7484 6525 7427 7084 5833 6465 7901 7815 
6774 4650 7628 6695 6183 7932 7408 7267 6674 7222 6406 7457 6612 7194 7040 7790 4825 6096 7264 5694 
7629 4960 5752 6282 7913 6933 7495 1992 7761 7291 6487 4684 7458 7344 7509 7725 6521 7839 7474 7307 
7903 7421 7900 7722 7512 7741 7279 4477 7142 7410 4952 7875 7332 7787 5980 7813 6631 4966 7161 7705 
7873 7927 7699 7692 7884 7854 7788 7664 6707 6721 7625 7450 7487 7777 6993 4576 7763 7310 7626 7585 
7883 7906 7713 7853 7730 7855 7800 5559 5707 7627 5547 7127 6282 7706 7634 6816 7194 7591 7366 6116 
7326 7006 6849 7978 4179 5255 6555 5285 6139 7698 6997 7815 7746 7766 5664 7361 7573 7468 7855 7804 
6414 5866 5377 7663 6287 7805 7538 7530 7107 7265 7838 7785 7818 5968 4574 7660 6888 5725 7716 7842 
7240 7635 6395 6474 7761 7020 5693 6311 7344 7399 7251 7244 7839 7815 6231 7687 7607 7802 7689 6226 
7492 6617 7210 7786 7652 6358 7249 7670 6675 6827 5391 7409 6982 7627 6890 3430 7122 7519 5391 7464 
6228 6235 6547 7242 3248 7470 7690 7569 7313 5368 5108 7530 6841 7785 6447 4279 7710 7737 6811 7726 
5912 6435 7429 3656 6630 7008 7634 7708 7702 6508 7079 7543 5896 7654 7721 7577 5358 5928 7628 7483 
7597 4308 7764 6985 6876 6538 7491 7305 6343 2206 7461 5523 6175 7699 4623 7672 7597 7666 6618 5355 
7721 3882 7619 7467 7428 6423 6484 6676 4324 6868 7481 7148 7796 7546 7194 5565 7338 7444 7672 7102 
4884 6493 5103 7383 7706 6864 3612 6341 7367 7625 7777 7431 7593 7199 7748 6313 6490 7077 7500 7351 
7233 7146 6244 7354 6892 5531 7463 7490 7737 7234 6682 7541 5225 5534 6926 5646 7674 4512 7250 6570 
6559 7449 5369 7324 6167 3599 4863 7642 7007 6011 7219 6658 6676 7543 6379 7112 6747 7606 2384 7623 
7587 6672 7171 7394 6478 6221 6696 4585 4026 6679 6867 5784 7291 6157 5404 6769 7413 5672 6985 5282 
6326 6622 5550 7558 7045 7499 7700 7181 4762 7532 3957 5937 7153 5752 7681 7464 5037 6772 6795 7515 
7378 7354 6362 6927 7580 7604 7099 7366 7011 7384 6324 4937 7120 4252 7637 6203 7657 7557 7242 7107 
7182 7547 6164 5196 3366 7602 6078 7619 7604 7327 7411 5270 6620 7538 7604 7472 7481 7523 7449 6033 
7334 7272 6304 5811 4983 7521 7593 7578 6975 7440 6664 4919 7591 7321 4365 5667 7490 7584 7218 7088 
5702 5422 6720 7191 6330 4764 7576 7494 7385 6081 7442 7522 7480 6923 7446 4565 6249 7001 7368 7325 
5001 3323 7389 7186 7489 7005 6899 7420 7246 6688 6696 7513 6538 7577 6360 7521 5768 4937 7006 6441 
6264 4659 3489 7484 7480 7575 7084 7524 7410 6087 7230 4903 6824 6734 7206 7498 7116 7137 5834 7038 
5609 6668 7420 7486 6454 6941 6570 7498 6292 4621 7525 5912 7563 7130 7190 6948 7364 5645 6488 6145 
5353 6662 6890 7139 6448 7223 5790 7371 7295 7358 7420 6148 4821 7280 5779 6555 4309 7225 7375 5204 
7469 4861 7433 7361 7497 7320 7482 2256 7446 5334 7036 7553 7539 7444 6957 5920 6081 6246 7250 4831 
5324 7457 7284 7424 7535 7356 7021 7404 7167 6690 7406 6907 4910 7475 6927 6997 7117 4420 5675 6315 
5582 6946 6586 6172 6751 6728 6973 7517 5756 7275 6701 7421 7303 5236 6933 7223 6511 5210 4944 6822 
7142 7370 7534 7372 6390 7209 7025 7368 6934 6301 6632 7212 6948 6916 6683 7000 6831 4569 7020 7339 
4028 6507 6985 7096 6840 5609 7513 7396 7167 7504 7033 6387 7055 6650 6626 7183 7074 6842 5064 6788 
6363 6662 6946 4349 7138 6015 5075 7320 7219 7281 7023 6596 4384 5855 5827 5925 5099 6665 7233 7322 
5951 7275 5539 7260 5489 7420 7171 7044 5149 6623 7299 6543 7159 5701 7464 7036 4076 7104 7265 7151 
7281 3050 7346 7120 6991 7356 5651 5010 7125 7207 7339 7355 5710 6847 7168 6445 7350 4706 5740 2252 
7326 6438 6873 7356 7404 7333 7304 7398 7247 5682 6125 6962 6303 6480 4785 4827 7035 7355 6841 5413 
7396 4317 7049 7297 7396 5855 7359 2046 6640 7346 6653 7392 6986 5203 5609 4057 7345 7175 7228 7188 
6361 6941 7284 7389 7287 7101 7348 5041 5353 7348 5982 6191 7347 6996 7013 6628 6890 7262 6982 7034 
6308 6182 5025 6485 6110 5801 7104 5248 4681 5302 7267 6629 6790 5904 6631 6161 5544 7220 5980 7337 
7296 2206 6008 7194 5217 4598 6398 6354 5273 6921 5584 6970 6648 5917 6951 7120 7334 7279 7198 6855 
7048 7317 7323 6857 6343 7240 3459 5752 7325 7330 5485 7289 6389 5640 6683 7200 5891 7175 4674 7256 
4910 6734 6645 7021 7311 6218 6830 4541 4224 7199 7308 7214 6972 5164 7161 5590 7121 7195 7302 5809 
6912 7321 6648 6780 7159 5644 6053 6443 5245 6583 5593 6724 6089 7301 7185 5037 7214 7252 7211 7248 
7261 7063 7101 6498 7286 7199 7239 5804 7001 6157 6529 6939 6785 7078 6446 7278 7162 6546 4283 5023 
7260 7182 6174 6402 7180 6997 7166 7231 6566 7103 6072 6569 6952 5300 6951 7049 6343 7111 7218 6989 
6955 7072 7196 7206 6343 7001 6688 5042 7166 7056 6906 3509 6429 7151 6995 5193 7254 7040 6813 7248 
7216 7074 6664 6496 6418 6868 7040 6509 6762 4814 6505 6598 5743 6866 7183 7230 5016 4956 6422 6562 
6971 6708 6285 5574 6683 6162 6876 6923 6671 4690 5255 6976 7110 6431 6198 5599 4485 6720 2941 5942 
5240 6632 6713 7210 7162 6913 6498 4661 6220 4197 6054 5316 5587 7032 6030 6295 6332 7194 5876 5134 
5323 6272 3738 6479 5021 6115 7141 6995 6832 6896 7193 6054 5905 4374 6115 6166 6697 7133 7177 7194 
5788 6992 6582 7083 6716 5683 6968 6634 6884 5436 7164 6511 7051 6089 6062 7190 7176 4738 5524 7168 
7161 7053 4944 6388 6816 6945 6818 5820 6535 6674 4854 7011 7140 7093 4369 4484 6054 7139 6968 6932 
6916 6797 6953 7126 5491 6796 6014 6377 3626 7075 6713 6760 6336 6795 6831 7078 6616 7033 6745 7113 
5013 6948 6935 4743 6809 5384 5965 4258 6594 6134 6402 6780 7089 7026 4489 6986 5136 7042 6615 6924 
4450 6570 5533 3808 5305 5462 5845 7059 4697 6755 6119 7091 7051 6986 5468 7109 7035 6003 5787 6102 
6340 5871 6224 6314 5247 5992 5556 5275 6930 6879 5608 6331 3768 6663 6961 6493 3846 5919 4994 6495 
6882 6073 5121 6974 5867 6551 5738 7084 5839 6759 4066 6787 6101 4381 5222 5618 5159 5714 5672 6081 
3738 6720 5853 5645 3700 4495 5668 6444 6429 5954 6079 6066 6502 4517 7102 6880 4446 3793 6919 5685 
6118 4007 6765 4168 5056 6717 6395 6967 7034 5743 6293 3993 6873 7056 5034 6623 5684 6484 7065 6650 
3897 5613 6769 4562 3745 3427 6326 6995 6239 6972 6469 4448 6859 5504 6932 5072 6759 3343 6293 3455 
6452 6805 5861 4615 3753 5390 6698 6641 5871 6694 5076 7058 6591 6868 4547 5376 5458 6652 5321 3322 
6277 6240 6048 6114 4010 6814 6747 6930 6679 5803 6178 6783 5981 6246 3722 5707 6236 5342 6284 6065 
6595 6603 4024 6575 4981 3164 4397 6527 6201 5017 3208 6090 6076 6579 5252 2676 5006 5966 6720 2331 
6094 6403 6476 4249 5521 6615 6868 5697 6835 6145 6412 4177 6723 6798 6746 6389 3712 5622 6446 6656 
4457 5085 4583 7024 3078 6125 6196 4537 5657 5244 5899 3620 4692 6051 6857 6448 6707 2504 6846 6848 
5631 6699 6654 6703 6358 6724 5445 6583 4424 5236 7038 3661 5960 3182 6670 6901 6529 4565 5884 6544 
4678 6592 4192 6810 4639 6549 4891 3672 7026 6838 6823 7003 6938 6964 6935 5728 6486 6520 3149 6781 
4631 6302 6783 3171 6901 2183 6207 6582 6539 6737 5148 6600 6742 6591 6859 6936 6362 6726 5655 5636 
3961 6765 5435 6620 4797 6599 4202 6894 6466 5458 6872 6926 5839 6471 6700 4430 6155 6926 6506 5360 
6425 6442 6266 4246 5643 6487 5291 6279 2969 6922 5115 5742 5203 6540 5084 5284 6569 6580 4525 5677 
6396 6499 6783 3793 6872 6322 6599 5140 6767 4801 6094 6277 6042 4625 5829 5456 5612 5697 6351 6295 
6433 6046 6728 6908 5543 6551 6740 6747 3986 5461 6709 6417 6783 6832 6346 5232 5440 6468 5644 6416 
5652 5965 6071 4587 5241 3412 6387 6512 4741 6743 6163 6141 5019 6216 1864 6651 6499 6675 6460 2200 
5130 5793 5539 6406 5624 6545 6753 6715 6115 5938 6517 5105 5531 6301 6533 6539 6352 5772 6743 5852 
4326 6577 6682 6689 6719 6672 6709 4344 6740 6377 6735 4762 4793 5574 5521 6465 6455 6179 5500 6672 
6587 6347 5025 6317 3871 6679 6693 6486 5362 1185 6652 6482 5857 6560 5517 6342 6147 6612 4143 4855 
6104 6291 6652 6593 6082 4283 5827 6645 6723 4991 3962 6471 4840 6664 6456 6141 3029 6250 6347 6483 
6713 6469 4549 6545 6690 6118 3713 6637 5824 6651 4786 6494 6420 5956 5929 5527 5430 3698 6674 6073 
6628 6572 4569 2866 6657 4601 5646 6027 6114 5809 6031 5641 5236 6066 5121 2280 5006 6633 5701 3634 
6524 5610 5795 6637 5861 5976 5212 6466 6516 6636 5970 6142 6143 4905 5669 6173 5012 5325 3639 4910 
5167 5541 6094 5791 3890 6509 6377 5220 6438 4114 5793 6612 5092 5850 6355 6339 6329 6622 4804 6130 
5660 6051 6667 6605 6636 6620 3279 5746 6221 4647 6455 5234 6149 6536 6613 6594 6290 5977 5942 5724 
6604 4860 6401 6600 6159 5503 6587 5684 6189 5178 6545 6424 5749 4855 6417 6598 4371 6579 6565 4841 
6488 5196 6480 5492 5681 6422 6382 5914 6198 5926 5143 6221 5577 5993 5765 6186 6051 6012 6227 5746 
6380 4888 6529 6565 6521 5056 6413 6409 5252 6559 4777 5180 3383 6340 4192 5907 6425 5927 6120 5699 
6557 6407 5893 5263 5456 4037 6229 4764 5772 6482 4758 4552 6299 6304 5407 5641 6553 6045 6153 4396 
5752 6472 6083 6000 5093 5906 4959 4543 5889 5658 5757 5332 5235 6370 6500 6548 6313 6236 6509 6403 
6401 3821 4984 6161 5368 6465 5671 6333 6089 5815 5491 5793 5820 5835 5445 6103 3863 5884 5405 4649 
6547 6497 5563 6338 6199 5791 6223 4270 4125 3934 4861 5752 6232 6327 5506 6012 5785 6020 6432 6030 
6524 5094 4032 6112 5309 5355 2802 6520 5679 4619 6519 5767 6335 6183 6491 6194 6459 6508 5987 4964 
5082 6514 5918 6028 6301 4181 5259 6159 6270 3114 3706 6286 5807 5523 6394 6201 6412 6249 6293 5833 
6403 6074 4832 6504 5987 6265 5954 3963 4136 5286 5297 5297 5743 5535 6125 5658 3087 6399 6395 5561 
5909 6294 6194 5127 5972 6492 4739 4556 4645 6286 6199 6468 6337 6212 5507 5959 6142 5930 5529 5412 
5003 6060 5947 5710 5638 6063 5621 3393 5422 6290 6432 5352 6200 5665 6362 4517 5773 5966 5989 5565 
5696 5852 5579 5612 5582 6105 6255 6052 5729 4357 6289 5471 6380 4817 5937 4887 5051 6166 6307 6397 
5619 6356 4672 4448 5850 6184 4701 5249 5468 5714 5802 6111 3833 6413 4487 5462 5805 5877 4942 5396 
5836 6170 5356 5364 6363 5941 3332 6332 5539 6319 6034 5160 6051 5935 5417 4995 5462 4608 6388 6015 
6357 5896 3895 5562 5058 5141 5764 2711 6314 1340 3641 4510 5953 6403 6333 6266 6020 6375 6321 6303 
5621 6261 6299 3884 3299 4400 5753 6232 5516 6299 6179 5041 6294 6138 6374 5114 6101 1946 6357 6257 
5834 6103 5491 4418 4586 3486 5286 3850 5800 6029 5839 6262 5417 6116 5990 6302 6254 5613 5460 6292 
5526 5822 6336 2689 5256 6201 6109 6265 5745 6034 3452 4998 6088 5719 6321 4773 5516 3945 5390 4499 
5381 5688 5443 5650 5720 5055 5419 6040 5117 6063 6228 5383 5418 6196 4571 5463 5861 4914 4496 6081 
5075 5781 5480 5623 4849 6058 6058 6287 5636 6110 6269 5903 5825 6236 5203 6165 5590 6101 5650 6113 
5296 6182 5135 4838 5670 5707 5761 5825 4326 6267 3070 5652 5612 5487 5870 4047 5496 4696 5218 6248 
6195 6157 6233 4833 4877 4502 5415 5969 6035 4770 5652 5445 4042 5262 6200 5372 4465 5242 6178 4829 
5367 6189 3561 6196 5196 3917 5780 6142 5906 6181 5284 6123 5887 6102 6176 6068 4593 3405 5516 5691 
6043 6111 5475 5936 5726 6129 6166 4323 6147 3498 5800 5829 5973 4904 6128 5500 5658 5819 5492 6124 
5313 4639 6120 3747 3811 5373 5795 5978 5689 6053 5456 6051 6093 6110 4797 5415 5943 4807 6006 6099 
6000 3663 5789 6087 5420 4773 5883 4452 5480 5304 6084 6080 5557 5984 5707 3579 5726 5370 5551 4647 
5614 5914 4932 6002 3961 5653 5993 4450 5758 5887 5928 5514 5601 3420 5380 3683 5277 5684 5469 5641 
4889 6005 6080 4886 4937 5219 4288 5686 5730 5664 5022 6082 3203 6074 5247 5713 5098 5597 5392 5094 
5424 4736 5112 5692 3878 5671 5440 5442 5428 3583 3327 4783 5017 5629 4015 5786 5043 4896 5964 5123 
6030 5819 4930 4266 5726 5159 5158 5338 5998 5832 5983 5676 5936 5062 5939 4793 5220 5859 4169 3839 
5904 4071 5202 5689 5375 6065 5575 6072 5969 5948 5903 5725 5961 5993 5958 5967 5701 5578 5634 5837 
5935 5954 5918 5881 5903 5820 4331 5315 5747 5598 5896 5902 5720 5647 5463 5667 5209 4949 5802 5555 
5388 5680 5394 5632 5108 5666 4146 5876 5533 5867 3213 5818 5406 4005 5382 3734 4795 3697 5719 5732 
5267 4502 5737 4472 1882 5268 3364 2842 5064 5053 3200 3808 4985 2108 2136 2945 3968 1663 3374 4608 
5157 5555 4366 3906 4873 5724 5743 4865 4968 5632 165 5345 4824 4802 4254 5537 5125 4859 3904 5936 
4312 4128 3177 5516 5520 4542 3100 2447 3993 4236 4440 4867 4839 5674 4969 4154 5348 4692 5482 4727 
2715 3777 4744 4477 4480 3739 4490 5278 2720 3960 3077 5901 4819 3479 3654 3974 5314 5886 4858 5217 
5469 5665 4833 4044 3237 4359 4213 1139 5249 5192 5350 1745 3698 5239 601 5731 3330 5821 5257 4481 
4360 3405 5778 5873 4944 4832 5375 5278 3714 5882 3877 4817 5501 2588 2395 3105 5668 5674 5330 5710 
5857 5161 3232 1961 5207 3197 5510 2378 5322 3404 5298 4684 3598 3447 4074 4859 5478 5666 4237 5568 
2653 5523 2408 5627 2368 2583 5777 5019 3827 2853 5816 4190 5154 1414 2372 5880 3890 5261 5799 5157 
4688 2488 5591 5645 5179 4784 5508 4539 5716 4778 3943 3251 2688 4455 4439 4751 3894 5874 3167 4584 
3427 5167 1239 4099 1318 2079 4899 3445 4350 1273 5314 5427 5485 4008 3065 5712 4435 4985 3894 4875 
5393 3447 4508 5845 2489 5619 4875 5319 5009 5796 2714 4431 5381 5023 5424 5643 4689 3779 4706 3840 
4163 3465 4496 4535 5439 5438 5160 1384 5762 5329 4305 3038 5326 4014 5258 5785 5154 5760 4515 4184 
3382 2533 5194 5555 2429 5057 4313 3600 5410 3901 4099 5649 2662 5758 2246 2963 4304 3041 5224 5754 
5733 5468 5731 5697 5708 4557 5120 5658 2579 5476 4339 5391 5672 4797 2648 4037 4332 5357 5526 5015 
4430 5718 5661 5726 4183 5506 3839 4853 4394 4605 2805 5533 3060 4328 5302 5554 3372 5423 5486 3972 
5143 5627 4359 5453 4062 4095 5648 3088 2647 4857 5657 5716 5074 4672 5231 5624 3746 5246 5559 5406 
4681 4632 2696 3200 4663 4907 4282 5115 2631 5435 5645 5663 5567 3753 4164 5654 4515 3705 4913 803 
4100 5479 4694 2511 4708 3608 5101 4335 4952 5190 5344 5439 5633 5375 4481 5244 3781 4193 2775 4741 
5568 5492 4752 4324 4836 5229 4784 4947 4244 4116 4761 5550 5001 3773 1920 3091 4423 5243 4619 4884 
2554 2665 4592 5620 1407 5522 4776 5614 4773 3730 3991 4431 5309 5602 4218 3577 5522 5580 5597 4630 
4500 4063 5115 3369 4644 5313 5423 3262 5445 5027 2800 5599 1345 5598 5580 5394 5226 4231 5519 3683 
5432 1887 3276 5067 5326 5286 5198 4768 3632 1119 2624 962 4047 5211 2824 4630 3798 5558 4714 4873 
5564 2591 4903 5518 3421 3020 5531 4552 3338 3026 2088 5508 5437 2348 4048 3959 5452 5471 5532 4642 
1920 2265 3165 5497 5521 5571 2350 5335 4994 5555 5512 2819 4085 1466 5072 2928 3169 5508 5024 4837 
4724 4730 4471 5250 3496 3877 2498 3557 5401 5081 5324 2748 3190 1828 5373 4320 5017 2058 3738 5358 
3452 5527 4290 5173 3766 2205 4463 5478 2741 3171 4901 3155 5176 4924 5236 2348 5295 5437 2370 5448 
2994 5448 4769 2742 5242 4612 3979 4041 930 3718 3338 5372 5349 3497 2939 4262 4847 4870 4187 3324 
5181 3474 3637 4047 5302 5463 4915 5183 2897 3818 2980 5219 4670 4706 5522 4661 2370 2654 4812 4502 
5318 3798 4993 5464 5444 5546 5480 4569 4676 5536 4682 3367 5477 2717 4145 3994 5195 5512 5467 3236 
4031 4536 4205 836 2948 5436 3293 1927 4712 4688 5181 4080 4426 3347 4106 5417 4892 5414 3516 3975 
3200 4894 5383 4601 1763 5420 5135 4243 4629 5059 842 3521 4509 5299 1542 4883 5277 5470 2273 4902 
2373 3799 2871 5315 3246 3663 5450 4897 5111 4898 3487 4371 5193 4557 4618 3701 3308 4701 4187 4464 
4029 1647 4686 5358 2500 4868 5373 3533 5310 4129 5357 2153 4120 5442 4380 4993 4568 2692 3841 4194 
4727 3172 1152 5397 5434 4110 5377 5201 4995 4336 5343 2204 4750 5344 4725 5366 3915 5432 4621 4843 
4037 4378 4595 5397 4231 5372 2982 3888 4765 2536 5422 4432 5308 5344 4792 4509 5390 3933 3428 3775 
3747 3868 2971 5163 3629 5359 4975 2282 5040 5421 5416 4256 3978 4071 3848 4388 1842 5206 4899 4619 
5320 4450 5008 5023 5066 5383 5347 867 5340 4751 2886 5340 4319 2994 5024 3490 4246 4870 5064 1347 
2972 2690 3538 4353 5415 4826 4877 4739 1695 4078 5290 4409 3854 5360 4497 4342 3706 3553 3870 1685 
4853 5358 4783 4974 5386 5260 5185 4997 4794 3143 5354 5293 4978 2212 5174 4935 3160 4512 4515 4589 
4871 5180 5347 5324 4908 4944 4152 5289 4242 4261 332 4704 5332 4237 4367 4198 4840 2722 4122 4861 
2609 3680 4722 4788 4072 4080 5299 5229 5133 4997 4780 4327 4759 3967 5015 4151 2541 367 1846 1970 
2412 4119 4823 3711 1955 4654 4972 5224 5287 5329 3666 5207 4298 1705 3036 3083 4514 4573 4490 5266 
4812 4955 3755 4984 3675 3088 5247 3668 3926 4207 4610 4852 5066 4760 5327 4843 3422 5312 3912 5089 
5220 1202 3626 1640 4575 3782 5308 3423 5167 4409 4963 4251 3272 4764 3643 4886 4553 1682 4991 1119 
4935 4260 4261 5193 5303 5115 5162 5278 1551 4874 4280 5154 5185 3591 2818 4160 4752 5229 4651 4241 
5135 2444 4753 4821 4629 4385 4957 1904 4866 4750 4364 5274 4830 4340 4547 1086 4859 3231 5000 2845 
4142 3842 4702 4913 3990 4903 5171 3978 4737 2588 2901 3701 4960 5011 4032 3864 4464 5173 4617 5077 
2424 2179 3522 5034 4028 3468 3963 3582 2607 3672 3175 4139 4351 5274 4549 5172 4659 4379 3676 5222 
5100 578 5115 4308 3441 3072 4995 4272 4256 5144 2666 4126 4102 3648 4704 5044 4602 5075 5164 4236 
4694 3290 5097 5202 4379 5162 3278 4843 3585 5169 4121 4521 4910 4003 4101 4772 4597 4894 4104 5142 
3066 4789 4580 3995 4247 3717 3804 4352 1903 4826 5096 4931 5091 3294 4867 3574 5031 5104 4532 4758 
4866 5125 3784 4073 4238 4124 3999 4193 865 4044 3761 4994 2901 5024 4335 3699 4822 5111 4832 5108 
5032 4514 3792 3950 5068 1797 3563 2742 4957 2546 4872 4972 4018 5017 5038 5072 4844 4017 2509 3112 
4541 5053 4753 3125 4493 3541 4340 5045 5043 4439 4898 4394 4236 2728 2967 3625 4801 3454 4526 4551 
2163 4775 4972 4884 3777 4896 5025 4273 5016 4825 4503 3344 4011 5041 4074 4241 772 2797 4810 4938 
4953 4766 4859 4278 4722 4398 4963 4111 4539 3515 4546 3701 2992 4276 3765 1743 2469 3507 4935 2722 
4879 4449 4621 3255 4317 3398 4690 4092 3892 863 3587 4915 3879 2861 4098 4044 2792 4692 1935 4997 
4831 4454 3122 4997 4427 4699 3781 2965 4754 3306 4001 4312 4289 4815 3062 4791 4297 2761 4337 2884 
2812 4093 1939 3724 3488 4465 4824 4527 4863 4924 4756 4706 4214 4103 4479 3901 4012 4923 4755 4920 
2182 3021 4753 4032 4664 3594 3350 4553 1569 4640 1021 2575 1539 508 3787 4918 4861 4505 2199 4383 
4515 4685 3748 4867 3165 3635 4443 4917 4191 4467 4403 4781 4717 3968 3356 1375 4261 4918 4538 2270 
4854 3912 4189 2118 4250 3923 4499 2560 3206 4600 4486 4631 3747 4704 4233 4354 2945 4214 4310 3839 
4156 4843 3812 2204 4607 3706 4471 3350 1115 4848 4022 4802 4843 4418 1476 4759 1618 4474 3784 3050 
157 4350 3516 1094 3800 4438 2549 4738 4026 4149 4732 4717 4215 3862 4524 3866 4317 3345 4510 4631 
4149 4802 3455 3724 3331 4689 2293 4180 4797 4788 3689 4702 3524 4392 4737 4710 2226 4067 3242 4360 
4301 3349 4043 3769 4486 4512 1051 4475 4234 4052 2094 2817 3850 3159 1007 2890 3980 4644 4186 3763 
3655 4762 3737 3110 1438 3511 4582 4652 4768 3520 4302 4692 4682 4349 2489 3040 1243 1558 4315 3803 
4208 2533 4683 1189 3754 4578 3612 4107 4415 3660 3733 2972 4752 4354 4454 2528 4163 4140 3022 4497 
3045 3654 4295 2384 2722 2898 4725 4687 4736 4212 4206 4407 4448 2312 3002 4198 4634 1950 2642 3048 
3761 3588 2327 3449 1924 3851 4172 365 4669 4312 3474 3864 4223 4539 2230 4477 3684 4727 3417 2851 
4028 1436 4697 3855 3519 4692 4500 4359 4689 3145 2711 4574 4258 2929 3583 3622 3537 4278 4627 4039 
3749 3859 3273 3659 4282 1946 3441 830 4611 4502 2902 3452 3928 4117 4311 1533 3279 2946 4051 1143 
2685 4371 3955 3543 2231 4454 2346 1683 2720 4679 4514 2274 2639 4650 2232 4352 3147 4587 3243 4647 
2597 2394 3626 4373 1412 4226 3931 2720 2276 3094 3887 3268 3556 2079 3251 4485 4670 2399 4668 2376 
4574 3175 4562 3724 2423 4492 4259 4335 4064 3931 2635 1021 4647 2547 4148 2421 4017 2767 2946 2375 
2516 4235 1096 3922 2142 3890 2876 2852 4580 4257 3867 3444 4261 4221 4551 4000 4450 4301 2760 4581 
3385 4424 4556 1119 4484 1591 3377 4344 2364 4486 3849 4035 4479 4117 3652 4534 4505 3652 4376 4398 
1711 4212 3841 3626 3064 3835 3272 3802 4007 3896 4191 2597 4140 4456 4494 620 3429 4482 4477 3665 
4463 4429 3856 3631 4274 3980 1708 4414 2730 3286 2668 3425 2511 3515 2238 3510 3620 4033 2341 3992 
4038 3831 4388 3356 4291 4473 4170 1538 3776 2829 2525 4087 3789 881 3648 3978 3844 3969 3226 4272 
4382 4414 3708 4321 3452 4467 4401 2821 3670 3187 3599 3579 4267 971 3697 2530 3707 4364 3889 3907 
3747 4341 4195 3963 3639 3071 3899 3857 3633 4226 3881 2175 3970 4119 1830 4446 4460 4407 1742 1010 
3039 1503 4186 4442 4459 3359 4388 4188 3894 3070 3989 3718 3002 3910 4449 4386 4362 2814 4026 3740 
2921 4458 4087 4358 3582 3761 4448 3613 4074 3967 4392 2757 3126 4269 3797 4303 3978 4185 3226 4193 
4450 4258 3190 4202 2661 4446 3983 3883 4173 588 4158 4383 4428 3898 2318 2313 3981 4024 1335 2925 
3858 4170 3821 3286 3729 3820 2026 1909 3902 3767 1425 4413 3627 4331 4080 3034 1961 4311 4184 3479 
3946 4314 2791 3820 3850 3797 2962 3342 3377 3636 3305 3886 3719 4175 3619 3486 4007 2955 3472 4304 
3519 4330 3122 993 4345 1338 3482 3830 2759 687 2516 3576 3715 3980 3682 2160 3809 3776 3489 3620 
4111 2436 4044 3948 4370 3203 3487 3936 4107 4282 3406 3576 4147 3732 3257 3947 2451 3883 3218 2425 
3706 4105 3616 2423 2867 3083 3000 3428 4142 3133 3382 4262 2678 4170 4335 3779 2951 4326 4103 4049 
3270 3286 4264 4098 4312 3514 2734 1492 3040 2720 3543 2277 4157 3104 3937 2800 3861 3799 3577 4291 
4189 2631 4305 4218 2667 3083 4289 2722 4264 2873 2868 3880 3926 4108 4220 3304 1318 4279 2856 3600 
3966 3061 3957 2919 2585 3731 4076 1755 4261 3427 4076 4266 4144 3663 914 3617 3846 3386 3796 3095 
1996 2367 2789 3736 3726 3717 4245 4244 854 4125 3689 3131 2671 4232 2992 3546 4228 3648 4135 3218 
4173 4028 2665 3327 3295 2853 2485 3237 1625 3532 2717 3872 2100 1882 2571 4196 3247 4120 3095 3421 
2471 4162 4016 2006 3121 4219 3023 2768 3524 3652 3063 4085 4215 3681 4218 4122 3733 3418 3401 3753 
4169 236 3293 3349 3504 3936 2326 3458 3821 3633 3499 3478 3254 4199 3843 3586 2712 4006 3556 3318 
4034 2930 3251 3337 4124 4100 4107 3351 3050 3765 2110 3649 3711 4135 3105 3818 4090 4095 4076 4000 
4049 3426 2447 2761 2340 2342 1778 3692 3925 3678 3894 2741 3953 3798 3701 3475 3987 2877 4090 3820 
1895 2817 3978 2339 3509 2436 2934 3672 3075 1097 2382 3210 3491 3576 3605 3970 2522 3486 4003 2121 
4072 3147 2779 4046 4085 3225 3463 2157 3404 3451 626 3891 3804 3850 3760 3538 2878 4083 3832 3903 
1630 3600 4078 3249 2804 3880 3073 3236 2621 3880 3385 3874 3862 3347 3616 3375 3905 3988 2162 1322 
3084 3442 3300 3544 3145 3622 3073 2476 3824 3723 2639 3227 3479 4077 4035 3373 4021 1987 3973 2759 
3769 1317 3086 3175 3564 3631 3605 3649 3503 1102 3982 3536 3575 1400 3124 3113 4009 3953 3223 1626 
3090 3203 2757 1509 3416 3936 1833 3439 3485 3931 2852 3887 3586 3692 2950 3403 3806 2898 3204 2711 
3908 3573 3855 3746 3856 3489 3129 1489 2276 3874 3843 3742 3764 3824 3356 2509 3907 2812 3890 3387 
2939 2653 2110 3353 3337 3530 3807 1983 3875 884 1743 3155 3572 3590 3883 3372 2882 3305 3820 3599 
3745 3753 3487 3448 2393 2722 3679 3362 3233 3689 3477 3180 3311 2819 3704 2968 3309 1440 3279 3646 
3798 2426 3284 3580 3498 2875 2141 2476 3248 1351 3729 3615 3534 3755 3635 3792 2316 3576 2748 3781 
3750 3228 3772 1709 3557 3557 3136 3718 3791 3271 2304 1641 3691 3610 2596 3156 1811 2596 2438 3184 
3347 3248 2945 3142 3276 3429 3706 3706 2274 3761 3728 1804 3433 3634 2244 2908 3624 2869 2785 3270 
3216 3461 1229 3624 1948 3240 3683 3691 3150 3543 3245 3100 3587 3679 2038 3135 2574 3714 1913 1594 
3139 3240 3454 3211 807 3533 3287 3710 3552 3560 2409 3253 3585 2243 3125 2705 3547 2997 3584 3623 
3537 3593 3661 1620 3029 1668 868 3558 3476 3638 3554 3637 3242 2655 3563 3238 2856 3283 2885 3070 
3562 3374 1403 3405 3555 2869 2793 3552 3502 3540 3246 3210 1583 2958 3529 2549 3075 1803 2843 3533 
3485 2310 3526 2219 2778 3502 3076 3194 3058 1371 2608 1472 3123 3121 3263 3158 3457 3322 2195 2781 
2485 3072 3394 1124 2566 2018 3525 3113 3481 3385 3523 3509 2792 3209 2579 3162 3408 2280 3507 3474 
3420 3003 3026 3482 3375 2552 2198 1836 3438 3479 3490 2906 3153 3182 3192 3188 2450 2913 3138 2897 
3089 3182 1815 3456 2720 3454 3409 3029 1205 1868 3437 2214 3256 2485 2690 1956 1566 2692 3483 3349 
3138 2803 3472 2379 2887 960 2414 2650 3438 3442 2410 3018 1799 2981 3101 3280 3040 3453 2560 3042 
2931 2615 2275 3432 2791 3417 3347 3276 3177 1842 2592 2513 3172 3329 3085 3213 3198 2190 3469 3401 
2733 3361 3449 3307 3174 1666 3070 3015 3437 3058 3391 2891 2725 2689 2705 2841 2237 3137 2177 2409 
3231 3252 3357 3387 3402 3381 2908 2769 3377 1001 3085 3286 3372 2409 3147 3026 3358 3291 3331 2709 
3307 3262 3050 3298 2911 1543 2390 3367 3051 1748 3075 3175 3305 2974 2870 3263 2877 2823 3081 3048 
2804 3362 3269 3331 1619 3199 2403 2606 2814 3148 2047 3325 3265 1125 3197 1461 3268 2363 2264 3285 
1983 2853 3263 3282 902 3234 1768 1271 2741 2845 2340 2549 2224 1239 2501 999 2601 1326 710 3162 
2477 3268 3237 1662 3174 1840 2906 1416 2898 3246 90 3020 2026 2458 3161 2915 2366 2700 2556 3225 
2218 2476 1812 2564 2966 2814 2157 444 2455 2012 986 2053 2839 3140 3199 2791 580 3116 3205 3178 
1005 2436 3189 1329 2592 936 2716 2475 3153 2970 2329 3257 2663 2856 1107 1703 2674 3161 3158 2678 
3175 3250 2389 2330 1341 2696 3143 626 703 2617 2656 928 2897 3004 1053 3070 2100 2514 2679 861 
1769 2521 2819 2400 3133 1319 868 2658 2788 2613 2829 2831 3148 1291 1551 2192 3174 3233 2782 3231 
2731 2174 2250 1733 2316 2957 3000 1178 3160 2961 2029 2770 2038 2444 3017 2746 2596 2734 3033 3181 
1850 2880 3067 3200 2070 2576 2494 3040 2992 2659 3037 1675 3126 3189 1574 3158 2039 3067 2888 2335 
3044 1152 2995 2122 2683 2799 2750 2498 2495 2582 2630 2533 1666 2458 2961 1933 2294 3100 2200 3070 
1647 1793 2614 2232 706 504 1293 2570 3040 451 2871 3074 3035 2292 1820 791 1590 2904 1615 1681 
2631 1431 2063 2289 1488 2608 2839 2696 2494 2779 1099 1693 2572 2819 1224 2533 2594 3074 3031 2212 
2936 2326 1899 1716 2462 2974 3025 1231 2527 3032 2541 1247 2100 3026 1947 2829 1177 2973 2888 2094 
1662 2181 2833 1033 983 1876 1872 2109 654 2940 2702 2326 2433 1786 1877 2539 2366 1775 2758 2236 
2771 755 2085 2807 2502 2984 3006 2771 2533 2975 2731 2615 2617 2862 2543 2773 2602 2546 2267 2243 
2678 2641 2913 2486 2759 2632 2477 815 2837 1809 870 2978 2063 1619 1218 2718 2662 2677 2931 3002 
2652 838 2001 2988 2988 1935 2166 2959 2361 2958 2528 2596 2396 2547 1104 2151 1441 2854 2418 1940 
2613 1344 578 1817 1838 2285 2576 2368 2224 2741 2980 2941 2142 1999 2957 2862 1487 1282 2089 1300 
2855 2736 2392 527 2921 2877 1886 2957 2948 1446 2260 480 2778 2930 1624 2424 2184 2078 2173 2007 
1603 1001 2405 2661 2315 2326 1946 2665 2386 2906 2380 2732 2707 1826 2927 1835 2203 2906 1423 2498 
2062 1258 2846 2788 136 2853 2824 2887 886 1660 2757 2841 2919 2864 2773 2890 2316 2861 2674 2858 
1819 2171 2382 1789 2286 2368 2412 1395 2741 2208 2540 2474 2035 2637 2324 2187 2686 2726 1955 2693 
2260 690 2400 2312 2780 2821 2829 2162 692 1656 2082 2699 2636 2146 1185 2415 1956 1722 2750 2184 
2606 2558 2160 2092 1340 2270 2299 2258 917 1424 2508 2569 2794 2638 2008 2541 2544 2754 2323 2242 
1192 2650 2527 1555 2813 2725 789 2741 2790 1869 2238 870 1507 2232 2523 1881 2260 2287 2474 2199 
2339 2099 2111 1624 2375 2663 655 869 1977 2428 1739 1767 2009 534 2071 1383 2723 1471 2236 2481 
2230 2275 2109 2786 2780 1355 2093 2653 2526 1856 2530 2198 1630 2413 2746 1447 2179 2408 2300 2461 
2062 2140 2723 1701 2054 2593 2171 1662 2423 2748 2477 2080 2761 1007 1775 2369 529 2733 2664 2713 
1480 2715 1247 2626 2501 2532 2234 2628 2713 2546 1584 2684 2578 2675 2195 2614 2031 2450 1687 1869 
2267 1877 2170 1955 2558 2390 2396 1872 2651 2428 578 1954 2636 2597 724 2092 2079 2640 2631 2214 
1736 2626 2555 443 1101 2618 2161 1645 2209 2497 1384 1087 2160 1863 1517 2278 2451 1725 1899 2557 
2457 2351 1976 2013 624 2592 2393 2258 2398 1319 2395 1899 1923 2504 1170 2567 2589 2586 621 2564 
2033 2572 2188 1894 2257 1551 2240 2377 2539 1204 2034 2236 1649 2234 2296 1386 2140 1280 1028 2274 
1680 1049 1847 1004 1913 2133 2190 2353 936 1556 2564 2279 1729 2543 1517 2115 2533 1974 2426 2194 
1424 1320 1021 2441 2111 2441 1499 2254 1940 216 2524 1470 2048 2182 1746 1529 1429 2429 2348 2337 
1402 2506 2091 2263 2234 2129 951 2083 1785 326 2516 2317 2429 2559 2451 2401 2439 2560 2510 1232 
1240 2123 2296 2449 1682 2359 2500 2489 2453 2486 1929 2127 2095 1402 1970 1689 1382 2266 1642 2355 
2223 1208 2172 1866 2238 1287 2478 359 2299 1936 1728 2387 1901 1632 2480 1887 2478 2405 2466 652 
1861 1967 1710 1556 2093 2246 2164 1808 2149 1545 2442 1980 1029 2255 1787 2386 1955 759 1599 1921 
1861 2055 1681 2433 1992 2308 2238 2428 1382 2384 1786 2417 2333 2417 2255 1991 476 2368 2381 2112 
2201 2366 2313 1746 2319 2129 2240 2362 1846 2023 1879 1950 1850 1796 829 1657 1817 1502 2321 2343 
1738 2086 548 2326 2130 1449 1074 832 1705 1684 1771 1291 2031 2124 2267 2125 2310 2353 1724 1447 
1643 2275 1722 816 1384 1892 1972 1891 2030 1295 2154 2140 1339 1141 1874 2201 1158 2276 1566 1118 
2005 2268 2011 1921 2119 2349 2191 1897 1568 2342 2060 2302 2253 2301 2298 1884 1859 2041 1392 1229 
2289 1492 2176 2297 2117 2293 1822 1466 2149 2258 1997 1387 1482 1969 1862 1649 2030 1905 1644 973 
1952 2067 2113 161 2285 2247 2279 2189 284 2270 2269 2093 2152 2098 1499 2134 2037 2089 2102 2267 
1991 1961 2083 1685 1641 2229 2258 1272 2261 1431 746 2143 1947 1746 1457 1970 1646 2193 1457 944 
2166 2090 2001 1879 2180 2180 2009 1984 2175 2086 1880 1890 2139 2155 2139 1686 1976 2107 1700 2104 
1349 1617 1274 2058 886 1192 1492 1942 1691 1199 2078 1947 1719 2125 1932 1945 1563 1745 891 1513 
1587 577 1223 1640 1256 1913 1419 1802 1896 2042 2008 1810 1246 2089 1434 1433 2102 2137 1617 1791 
1868 1454 2130 879 1899 1943 1895 1524 1482 1297 1410 1719 1930 2130 1831 2031 1696 2120 1387 1141 
1168 1842 2128 1421 2076 1939 2026 1321 605 2105 2127 2056 1806 1603 1969 1944 2031 2036 2110 2073 
1869 2066 2033 2061 2016 2057 1257 625 1964 1201 1639 2054 1312 1429 1852 1675 1818 1992 1600 1916 
1766 2038 1447 2037 1397 597 2030 1336 1987 1408 1980 1452 1553 1714 1955 1415 1886 1442 1408 1001 
1579 2030 1113 1514 540 1458 181 1784 894 1469 1352 1632 1496 836 773 1647 2010 1364 1920 1550 
1997 1825 1439 1864 1958 2005 1746 1772 1665 1945 970 563 1896 1981 1906 1730 257 1254 1709 1907 
1857 1421 1330 1618 1451 1756 1442 1941 1600 2027 1435 1680 302 1594 1432 1193 1402 1202 535 870 
803 1323 1275 1533 453 1762 448 1465 1956 1293 1530 1275 1607 2004 1010 758 1096 1289 1258 1468 
227 1660 942 1348 1009 1525 1245 1606 1927 1770 1326 1790 1534 1973 1962 1878 1737 1502 1943 1105 
1450 1588 1648 1955 1848 1820 1824 1904 1323 1379 1516 1901 1884 1788 1863 1064 1458 1635 1132 1843 
1897 1947 1337 982 1594 1451 683 1909 812 1468 1001 1396 1691 1770 1510 1623 1434 1053 1932 850 
1264 1934 1168 1903 1883 1649 1901 1894 1390 1427 1840 1829 1657 1290 1793 802 1082 1846 1623 1339 
1848 1203 1306 1611 1821 1596 1454 1336 988 1762 1522 1237 1795 1710 1603 1399 1790 1791 1633 1790 
1781 1084 1682 748 1416 1623 1591 1473 1008 1778 1668 1181 1717 1773 995 1448 794 1129 1203 1762 
936 982 1134 639 118 800 1395 960 1724 1431 1574 1561 1688 903 1200 1184 1676 1290 956 1089 
1314 1773 1762 1046 1755 1287 902 1377 1403 1657 879 1344 1513 1244 1560 1637 735 1475 1159 1110 
1737 1422 1172 1578 1757 1532 723 1646 1433 1695 494 306 1680 1112 1537 762 1397 1720 1284 1000 
1746 1234 1569 1515 849 361 1482 1739 1482 1280 1180 1739 1589 1398 618 461 1720 1261 416 1083 
1004 857 1406 607 1288 1097 1604 1418 1451 192 871 1527 1384 1717 1543 929 368 1717 1720 1709 
1708 1534 1346 84 861 774 1503 1694 1612 976 572 1287 994 1223 971 1218 1694 759 888 1423 
1679 1331 669 1284 514 1116 1284 715 1024 1217 722 1339 1675 1668 680 1658 1655 1633 1643 1623 
1527 445 619 1406 1395 1626 1621 1612 1571 1589 937 1047 1535 1355 999 1339 937 1619 829 1229 
1005 1597 1273 1320 785 1123 1334 1554 1565 1288 527 1139 665 1032 895 294 514 1566 1599 68 
46 1526 1385 1242 865 1532 1409 1430 741 1253 1382 1324 1528 1278 761 1058 1509 1250 578 695 
995 550 924 794 948 1511 1528 1238 1258 947 1489 1550 356 876 997 1523 1563 615 195 428 
555 227 1314 1520 627 1544 1470 1425 1194 544 779 1076 1167 856 938 1420 229 1050 160 1418 
1206 1184 1463 1148 1161 875 1294 1235 1178 1424 1552 1406 1203 1511 1463 1496 1475 1361 1492 1439 
1109 1297 1334 1097 1321 1036 1131 1233 1349 1470 1174 1166 1298 887 1406 1378 1110 1192 1416 553 
1250 1017 1052 698 897 1449 1212 1322 315 1344 1387 1431 1455 1401 1451 39 1066 1400 1417 1115 
1221 1152 580 1002 1365 1395 560 927 1235 943 968 205 485 858 970 1010 918 1121 964 1121 
1400 944 1132 533 1341 1197 857 890 1390 564 869 1129 1100 426 1384 1379 1305 1358 1293 1055 
909 302 1273 1357 1140 1181 1179 1281 1319 1016 370 233 1219 741 1063 669 1309 680 1152 820 
860 1128 1166 1134 845 466 956 907 1044 1080 1354 1093 1314 1310 1240 1315 1299 872 874 746 
1353 813 925 1333 1114 808 1350 1339 927 1339 889 880 875 790 755 1294 864 1111 1173 850 
1114 1234 1185 1156 775 1234 1337 1311 292 1196 1265 1223 1223 890 1152 1052 1283 942 896 1165 
762 1114 1264 1073 975 1212 978 792 1179 409 354 1255 886 687 604 1002 571 879 491 690 
1259 1193 1113 1206 1197 1190 1238 1063 1189 1115 856 996 997 1155 1044 762 887 774 1168 1149 
850 1183 442 624 1151 713 729 1224 271 854 739 745 644 1049 728 840 1115 372 496 1183 
1106 851 425 102 677 289 741 645 1047 1127 1120 1159 1047 705 1140 899 728 1081 1127 338 
488 388 760 1124 1081 731 834 377 789 1116 1008 617 1068 995 841 665 782 1056 1069 1020 
816 1092 1092 974 1088 961 869 1019 529 1005 1081 1008 997 610 848 847 1081 1009 1080 1075 
514 218 1069 1064 640 1025 835 787 847 535 642 596 667 659 996 779 852 813 1063 774 
1056 941 1040 1040 596 459 936 789 1021 1037 976 639 1002 845 490 973 1010 677 993 481 
703 867 903 722 697 796 419 917 960 606 886 948 797 874 663 1000 766 854 761 963 
950 960 966 741 966 955 941 929 295 760 766 127 741 701 833 615 960 832 419 572 
816 494 605 887 785 623 314 582 498 50 391 790 787 278 305 953 555 682 663 781 
940 940 177 503 834 839 924 915 913 522 912 712 485 705 843 802 908 272 696 829 
832 563 242 568 340 856 798 464 806 852 589 539 430 844 400 466 90 820 505 510 
855 727 840 819 759 802 266 636 844 592 184 600 809 584 787 809 817 487 802 798 
346 739 543 531 572 479 474 717 378 570 641 633 575 796 729 651 481 772 788 782 
668 294 754 771 762 770 754 753 397 315 170 626 581 702 748 379 371 743 605 469 
444 622 343 498 721 298 587 397 567 625 525 584 653 715 667 677 696 696 515 237 
739 731 722 716 441 567 87 408 419 455 528 559 664 694 314 334 708 439 485 691 
524 362 451 241 457 554 446 541 534 509 298 654 409 632 275 189 709 545 527 454 
383 89 658 671 698 639 693 565 222 511 351 654 286 149 174 584 395 574 520 320 
274 510 638 309 527 606 513 515 398 470 404 508 651 404 664 644 629 316 561 551 
450 578 563 557 591 501 436 428 491 382 496 582 566 324 530 560 547 477 486 277 
357 352 285 353 393 356 465 458 331 418 464 542 371 545 336 550 522 203 334 535 
535 438 505 496 516 481 430 160 477 525 493 325 300 518 365 460 467 472 234 328 
341 251 462 511 383 444 376 295 491 459 424 347 468 388 472 486 452 469 462 368 
376 431 460 240 83 273 172 432 389 455 311 270 348 369 387 264 441 117 90 208 
207 221 284 209 241 300 288 165 430 353 279 271 227 450 416 185 318 298 360 261 
391 165 385 378 219 70 367 449 380 236 232 425 358 416 307 394 231 119 377 181 
248 421 366 195 323 286 333 370 312 108 256 372 108 279 370 418 301 374 323 396 
225 347 326 187 145 281 327 358 289 108 248 342 254 349 213 128 232 332 145 188 
265 144 283 251 264 272 328 254 164 294 164 331 188 175 284 322 319 131 316 139 
307 173 169 90 177 303 270 64 43 299 256 284 295 289 99 272 262 132 235 231 
240 270 156 222 207 226 119 260 223 251 230 239 228 235 179 155 215 98 146 221 
210 159 57 202 206 175 142 72 143 117 195 212 201 93 139 206 104 153 91 116 
200 76 184 34 175 183 148 117 79 176 139 132 137 148 45 174 169 89 168 149 
130 60 168 127 140 162 92 148 127 141 141 48 54 113 135 129 63 126 124 120 
50 124 112 110 92 121 88 106 72 104 111 92 59 66 75 93 108 88 93 74 
65 74 83 59 67 52 76 31 69 63 66 55 62 59 68 61 66 57 58 58 
57 56 56 47 55 55 55 53 47 45 42 43 46 50 47 47 21 43 26 30 
37 37 18 43 30 36 36 31 26 24 26 25 19 26 24 23 19 19 14 18 
18 14 19 17 18 11 16 15 12 11 11 7 7 5 7 1 5 5 1 