0 2 4 4 2 5 6 7 17 24 17 20 27 18 30 20 6 6 26 26 30 
32 37 18 66 39 34 42 43 34 57 22 22 8 44 47 46 45 67 67 20 
48 59 46 30 88 26 57 17 64 45 68 33 91 48 75 44 81 76 91 42 
48 94 43 65 71 91 47 52 95 79 86 97 83 100 48 92 104 80 96 133 
140 103 97 143 63 105 125 112 111 109 115 100 149 148 159 120 101 82 54 154 
170 128 75 156 135 110 173 103 73 140 159 59 135 172 174 69 177 144 106 141 
47 182 133 178 118 179 168 36 130 160 60 189 192 151 172 137 168 204 206 194 
201 195 202 208 194 209 91 190 184 211 164 226 230 213 227 221 167 183 232 147 
160 120 236 131 230 1 165 163 238 127 87 243 247 134 150 229 218 240 198 247 
262 261 256 264 276 254 218 278 250 280 283 191 219 156 201 287 188 280 189 240 
130 289 288 290 291 190 206 246 214 237 270 203 294 254 277 185 305 310 219 293 
281 244 273 242 295 312 264 302 303 163 252 121 314 290 315 262 301 274 262 299 
261 73 153 173 319 285 300 218 307 234 335 219 41 338 101 300 207 339 319 343 
311 303 52 350 344 346 75 350 332 330 343 347 271 312 356 332 361 363 365 366 
328 221 352 385 350 248 71 348 179 369 276 328 314 348 286 376 293 349 368 252 
345 366 376 192 384 374 396 354 371 321 408 239 362 368 353 386 285 318 341 414 
379 415 398 400 384 367 370 408 426 403 419 136 359 390 389 426 407 433 402 177 
373 434 424 395 422 325 432 319 312 339 268 439 394 419 353 302 442 445 428 422 
377 265 413 398 452 287 447 216 445 431 103 453 209 229 383 391 350 374 424 266 
330 451 469 475 413 437 451 460 417 490 504 514 413 468 453 260 429 294 102 428 
453 458 501 515 524 426 526 429 477 459 445 445 462 454 463 143 529 424 533 309 
115 546 455 96 9 464 499 458 395 219 454 533 443 377 484 400 387 474 474 379 
563 466 536 346 270 317 465 555 225 449 497 534 498 480 440 365 275 426 368 449 
434 263 541 481 552 443 544 443 253 490 297 524 525 528 441 502 405 555 567 224 
530 263 570 460 529 461 454 479 510 464 542 450 238 415 490 577 595 334 544 425 
460 311 557 548 146 551 492 577 573 450 509 588 600 486 601 579 588 505 562 602 
531 605 553 559 578 492 617 623 596 587 587 549 491 600 610 556 630 593 619 571 
591 628 434 624 616 631 528 494 514 352 646 624 634 592 583 604 592 650 426 471 
592 411 621 618 409 632 577 608 443 614 580 653 672 550 666 576 653 553 627 516 
632 565 478 666 637 604 612 595 519 411 585 650 662 590 637 612 668 678 672 493 
678 623 479 691 482 693 704 685 668 680 581 609 704 653 660 639 683 274 527 626 
661 713 506 586 667 650 428 721 692 517 615 706 643 633 604 633 684 689 521 653 
711 707 633 489 532 586 551 548 653 684 633 680 717 682 710 685 697 696 684 704 
724 637 732 635 706 271 733 509 738 738 302 706 584 312 663 728 723 730 673 682 
692 742 691 524 741 744 559 591 717 744 750 742 715 552 727 584 631 759 464 760 
581 761 714 751 764 747 602 767 726 678 715 762 727 700 772 640 769 747 672 757 
770 784 742 726 761 747 711 606 785 735 793 716 748 514 777 643 691 692 649 794 
704 750 558 654 763 751 698 618 766 650 665 651 699 753 520 770 782 745 769 777 
742 794 792 526 798 807 804 791 761 808 661 747 769 808 745 773 820 784 812 823 
763 824 801 785 824 765 808 787 794 772 707 758 645 822 826 809 832 826 554 718 
843 832 846 792 829 812 783 842 846 850 833 815 804 813 852 855 835 856 680 828 
784 849 859 653 862 836 829 786 858 838 795 738 862 850 827 844 846 816 862 863 
677 847 859 781 862 864 862 808 853 820 852 810 773 869 821 867 869 855 877 877 
853 810 884 673 860 837 876 801 855 872 880 871 634 883 897 809 795 898 878 681 
890 879 812 910 884 884 885 871 886 913 914 883 873 866 888 894 917 887 915 913 
904 908 908 894 917 917 903 912 911 915 906 910 894 920 922 920 922 917 912 924 
932 924 919 924 931 923 940 939 935 941 914 948 925 930 918 926 949 866 898 944 
930 951 955 949 937 946 947 957 955 937 940 957 933 933 957 952 945 965 963 960 
966 966 965 971 934 944 972 970 970 950 973 965 973 975 974 979 978 981 968 983 
975 984 982 979 987 982 989 987 983 991 987 996 993 994 990 996 997 999 1000 