0 1 5 5 1 7 5 7 7 11 11 12 15 16 11 18 17 19 14 18 18 
14 19 19 23 24 26 19 25 26 24 26 31 36 36 30 43 18 37 37 30 
26 43 21 47 47 50 46 43 42 45 47 53 55 55 55 47 56 56 57 58 
58 57 66 61 68 59 62 55 66 63 69 31 76 52 67 59 83 74 65 74 
93 88 108 93 75 66 59 92 111 104 72 106 88 121 92 110 112 124 50 120 
124 126 63 129 135 113 54 48 141 141 127 148 92 162 140 127 168 60 130 149 
168 89 169 174 45 148 137 132 139 176 79 117 148 183 175 34 184 76 200 116 
91 153 104 206 139 93 201 212 195 117 143 72 142 175 206 202 57 159 210 221 
146 98 215 155 179 235 228 239 230 251 223 260 119 226 207 222 156 270 240 231 
235 132 262 272 99 289 295 284 256 299 43 64 270 303 177 90 169 173 307 139 
316 131 319 322 284 175 188 331 164 294 164 254 328 272 264 251 283 144 265 188 
145 332 232 128 213 349 254 342 248 108 289 358 327 281 145 187 326 347 225 396 
323 374 301 418 370 279 108 372 256 108 312 370 333 286 323 195 366 421 248 181 
377 119 231 394 307 416 358 425 232 236 380 449 367 70 219 378 385 165 391 261 
360 298 318 185 416 450 227 271 279 353 430 165 288 300 241 209 284 221 207 208 
90 117 441 264 387 369 348 270 311 455 389 432 172 273 83 240 460 431 376 368 
462 469 452 486 472 388 468 347 424 459 491 295 376 444 383 511 462 251 341 328 
234 472 467 460 365 518 300 325 493 525 477 160 430 481 516 496 505 438 535 535 
334 203 522 550 336 545 371 542 464 418 331 458 465 356 393 353 285 352 357 277 
486 477 547 560 530 324 566 582 496 382 491 428 436 501 591 557 563 578 450 551 
561 316 629 644 664 404 651 508 404 470 398 515 513 606 527 309 638 510 274 320 
520 574 395 584 174 149 286 654 351 511 222 565 693 639 698 671 658 89 383 454 
527 545 709 189 275 632 409 654 298 509 534 541 446 554 457 241 451 362 524 691 
485 439 708 334 314 694 664 559 528 455 419 408 87 567 441 716 722 731 739 237 
515 696 696 677 667 715 653 584 525 625 567 397 587 298 721 498 343 622 444 469 
605 743 371 379 748 702 581 626 170 315 397 753 754 770 762 771 754 294 668 782 
788 772 481 651 729 796 575 633 641 570 378 717 474 479 572 531 543 739 346 798 
802 487 817 809 787 584 809 600 184 592 844 636 266 802 759 819 840 727 855 510 
505 820 90 466 400 844 430 539 589 852 806 464 798 856 340 568 242 563 832 829 
696 272 908 802 843 705 485 712 912 522 913 915 924 839 834 503 177 940 940 781 
663 682 555 953 305 278 787 790 391 50 498 582 314 623 785 887 605 494 816 572 
419 832 960 615 833 701 741 127 766 760 295 929 941 955 966 741 966 960 950 963 
761 854 766 1000 663 874 797 948 886 606 960 917 419 796 697 722 903 867 703 481 
993 677 1010 973 490 845 1002 639 976 1037 1021 789 936 459 596 1040 1040 941 1056 774 
1063 813 852 779 996 659 667 596 642 535 847 787 835 1025 640 1064 1069 218 514 1075 
1080 1009 1081 847 848 610 997 1008 1081 1005 529 1019 869 961 1088 974 1092 1092 816 1020 
1069 1056 782 665 841 995 1068 617 1008 1116 789 377 834 731 1081 1124 760 388 488 338 
1127 1081 728 899 1140 705 1047 1159 1120 1127 1047 645 741 289 677 102 425 851 1106 1183 
496 372 1115 840 728 1049 644 745 739 854 271 1224 729 713 1151 624 442 1183 850 1149 
1168 774 887 762 1044 1155 997 996 856 1115 1189 1063 1238 1190 1197 1206 1113 1193 1259 690 
491 879 571 1002 604 687 886 1255 354 409 1179 792 978 1212 975 1073 1264 1114 762 1165 
896 942 1283 1052 1152 890 1223 1223 1265 1196 292 1311 1337 1234 775 1156 1185 1234 1114 850 
1173 1111 864 1294 755 790 875 880 889 1339 927 1339 1350 808 1114 1333 925 813 1353 746 
874 872 1299 1315 1240 1310 1314 1093 1354 1080 1044 907 956 466 845 1134 1166 1128 860 820 
1152 680 1309 669 1063 741 1219 233 370 1016 1319 1281 1179 1181 1140 1357 1273 302 909 1055 
1293 1358 1305 1379 1384 426 1100 1129 869 564 1390 890 857 1197 1341 533 1132 944 1400 1121 
964 1121 918 1010 970 858 485 205 968 943 1235 927 560 1395 1365 1002 580 1152 1221 1115 
1417 1400 1066 39 1451 1401 1455 1431 1387 1344 315 1322 1212 1449 897 698 1052 1017 1250 553 
1416 1192 1110 1378 1406 887 1298 1166 1174 1470 1349 1233 1131 1036 1321 1097 1334 1297 1109 1439 
1492 1361 1475 1496 1463 1511 1203 1406 1552 1424 1178 1235 1294 875 1161 1148 1463 1184 1206 1418 
160 1050 229 1420 938 856 1167 1076 779 544 1194 1425 1470 1544 627 1520 1314 227 555 428 
195 615 1563 1523 997 876 356 1550 1489 947 1258 1238 1528 1511 948 794 924 550 995 695 
578 1250 1509 1058 761 1278 1528 1324 1382 1253 741 1430 1409 1532 865 1242 1385 1526 46 68 
1599 1566 514 294 895 1032 665 1139 527 1288 1565 1554 1334 1123 785 1320 1273 1597 1005 1229 
829 1619 937 1339 999 1355 1535 1047 937 1589 1571 1612 1621 1626 1395 1406 619 445 1527 1623 
1643 1633 1655 1658 680 1668 1675 1339 722 1217 1024 715 1284 1116 514 1284 669 1331 1679 1423 
888 759 1694 1218 971 1223 994 1287 572 976 1612 1694 1503 774 861 84 1346 1534 1708 1709 
1720 1717 368 929 1543 1717 1384 1527 871 192 1451 1418 1604 1097 1288 607 1406 857 1004 1083 
416 1261 1720 461 618 1398 1589 1739 1180 1280 1482 1739 1482 361 849 1515 1569 1234 1746 1000 
1284 1720 1397 762 1537 1112 1680 306 494 1695 1433 1646 723 1532 1757 1578 1172 1422 1737 1110 
1159 1475 735 1637 1560 1244 1513 1344 879 1657 1403 1377 902 1287 1755 1046 1762 1773 1314 1089 
956 1290 1676 1184 1200 903 1688 1561 1574 1431 1724 960 1395 800 118 639 1134 982 936 1762 
1203 1129 794 1448 995 1773 1717 1181 1668 1778 1008 1473 1591 1623 1416 748 1682 1084 1781 1790 
1633 1791 1790 1399 1603 1710 1795 1237 1522 1762 988 1336 1454 1596 1821 1611 1306 1203 1848 1339 
1623 1846 1082 802 1793 1290 1657 1829 1840 1427 1390 1894 1901 1649 1883 1903 1168 1934 1264 850 
1932 1053 1434 1623 1510 1770 1691 1396 1001 1468 812 1909 683 1451 1594 982 1337 1947 1897 1843 
1132 1635 1458 1064 1863 1788 1884 1901 1516 1379 1323 1904 1824 1820 1848 1955 1648 1588 1450 1105 
1943 1502 1737 1878 1962 1973 1534 1790 1326 1770 1927 1606 1245 1525 1009 1348 942 1660 227 1468 
1258 1289 1096 758 1010 2004 1607 1275 1530 1293 1956 1465 448 1762 453 1533 1275 1323 803 870 
535 1202 1402 1193 1432 1594 302 1680 1435 2027 1600 1941 1442 1756 1451 1618 1330 1421 1857 1907 
1709 1254 257 1730 1906 1981 1896 563 970 1945 1665 1772 1746 2005 1958 1864 1439 1825 1997 1550 
1920 1364 2010 1647 773 836 1496 1632 1352 1469 894 1784 181 1458 540 1514 1113 2030 1579 1001 
1408 1442 1886 1415 1955 1714 1553 1452 1980 1408 1987 1336 2030 597 1397 2037 1447 2038 1766 1916 
1600 1992 1818 1675 1852 1429 1312 2054 1639 1201 1964 625 1257 2057 2016 2061 2033 2066 1869 2073 
2110 2036 2031 1944 1969 1603 1806 2056 2127 2105 605 1321 2026 1939 2076 1421 2128 1842 1168 1141 
1387 2120 1696 2031 1831 2130 1930 1719 1410 1297 1482 1524 1895 1943 1899 879 2130 1454 1868 1791 
1617 2137 2102 1433 1434 2089 1246 1810 2008 2042 1896 1802 1419 1913 1256 1640 1223 577 1587 1513 
891 1745 1563 1945 1932 2125 1719 1947 2078 1199 1691 1942 1492 1192 886 2058 1274 1617 1349 2104 
1700 2107 1976 1686 2139 2155 2139 1890 1880 2086 2175 1984 2009 2180 2180 1879 2001 2090 2166 944 
1457 2193 1646 1970 1457 1746 1947 2143 746 1431 2261 1272 2258 2229 1641 1685 2083 1961 1991 2267 
2102 2089 2037 2134 1499 2098 2152 2093 2269 2270 284 2189 2279 2247 2285 161 2113 2067 1952 973 
1644 1905 2030 1649 1862 1969 1482 1387 1997 2258 2149 1466 1822 2293 2117 2297 2176 1492 2289 1229 
1392 2041 1859 1884 2298 2301 2253 2302 2060 2342 1568 1897 2191 2349 2119 1921 2011 2268 2005 1118 
1566 2276 1158 2201 1874 1141 1339 2140 2154 1295 2030 1891 1972 1892 1384 816 1722 2275 1643 1447 
1724 2353 2310 2125 2267 2124 2031 1291 1771 1684 1705 832 1074 1449 2130 2326 548 2086 1738 2343 
2321 1502 1817 1657 829 1796 1850 1950 1879 2023 1846 2362 2240 2129 2319 1746 2313 2366 2201 2112 
2381 2368 476 1991 2255 2417 2333 2417 1786 2384 1382 2428 2238 2308 1992 2433 1681 2055 1861 1921 
1599 759 1955 2386 1787 2255 1029 1980 2442 1545 2149 1808 2164 2246 2093 1556 1710 1967 1861 652 
2466 2405 2478 1887 2480 1632 1901 2387 1728 1936 2299 359 2478 1287 2238 1866 2172 1208 2223 2355 
1642 2266 1382 1689 1970 1402 2095 2127 1929 2486 2453 2489 2500 2359 1682 2449 2296 2123 1240 1232 
2510 2560 2439 2401 2451 2559 2429 2317 2516 326 1785 2083 951 2129 2234 2263 2091 2506 1402 2337 
2348 2429 1429 1529 1746 2182 2048 1470 2524 216 1940 2254 1499 2441 2111 2441 1021 1320 1424 2194 
2426 1974 2533 2115 1517 2543 1729 2279 2564 1556 936 2353 2190 2133 1913 1004 1847 1049 1680 2274 
1028 1280 2140 1386 2296 2234 1649 2236 2034 1204 2539 2377 2240 1551 2257 1894 2188 2572 2033 2564 
621 2586 2589 2567 1170 2504 1923 1899 2395 1319 2398 2258 2393 2592 624 2013 1976 2351 2457 2557 
1899 1725 2451 2278 1517 1863 2160 1087 1384 2497 2209 1645 2161 2618 1101 443 2555 2626 1736 2214 
2631 2640 2079 2092 724 2597 2636 1954 578 2428 2651 1872 2396 2390 2558 1955 2170 1877 2267 1869 
1687 2450 2031 2614 2195 2675 2578 2684 1584 2546 2713 2628 2234 2532 2501 2626 1247 2715 1480 2713 
2664 2733 529 2369 1775 1007 2761 2080 2477 2748 2423 1662 2171 2593 2054 1701 2723 2140 2062 2461 
2300 2408 2179 1447 2746 2413 1630 2198 2530 1856 2526 2653 2093 1355 2780 2786 2109 2275 2230 2481 
2236 1471 2723 1383 2071 534 2009 1767 1739 2428 1977 869 655 2663 2375 1624 2111 2099 2339 2199 
2474 2287 2260 1881 2523 2232 1507 870 2238 1869 2790 2741 789 2725 2813 1555 2527 2650 1192 2242 
2323 2754 2544 2541 2008 2638 2794 2569 2508 1424 917 2258 2299 2270 1340 2092 2160 2558 2606 2184 
2750 1722 1956 2415 1185 2146 2636 2699 2082 1656 692 2162 2829 2821 2780 2312 2400 690 2260 2693 
1955 2726 2686 2187 2324 2637 2035 2474 2540 2208 2741 1395 2412 2368 2286 1789 2382 2171 1819 2858 
2674 2861 2316 2890 2773 2864 2919 2841 2757 1660 886 2887 2824 2853 136 2788 2846 1258 2062 2498 
1423 2906 2203 1835 2927 1826 2707 2732 2380 2906 2386 2665 1946 2326 2315 2661 2405 1001 1603 2007 
2173 2078 2184 2424 1624 2930 2778 480 2260 1446 2948 2957 1886 2877 2921 527 2392 2736 2855 1300 
2089 1282 1487 2862 2957 1999 2142 2941 2980 2741 2224 2368 2576 2285 1838 1817 578 1344 2613 1940 
2418 2854 1441 2151 1104 2547 2396 2596 2528 2958 2361 2959 2166 1935 2988 2988 2001 838 2652 3002 
2931 2677 2662 2718 1218 1619 2063 2978 870 1809 2837 815 2477 2632 2759 2486 2913 2641 2678 2243 
2267 2546 2602 2773 2543 2862 2617 2615 2731 2975 2533 2771 3006 2984 2502 2807 2085 755 2771 2236 
2758 1775 2366 2539 1877 1786 2433 2326 2702 2940 654 2109 1872 1876 983 1033 2833 2181 1662 2094 
2888 2973 1177 2829 1947 3026 2100 1247 2541 3032 2527 1231 3025 2974 2462 1716 1899 2326 2936 2212 
3031 3074 2594 2533 1224 2819 2572 1693 1099 2779 2494 2696 2839 2608 1488 2289 2063 1431 2631 1681 
1615 2904 1590 791 1820 2292 3035 3074 2871 451 3040 2570 1293 504 706 2232 2614 1793 1647 3070 
2200 3100 2294 1933 2961 2458 1666 2533 2630 2582 2495 2498 2750 2799 2683 2122 2995 1152 3044 2335 
2888 3067 2039 3158 1574 3189 3126 1675 3037 2659 2992 3040 2494 2576 2070 3200 3067 2880 1850 3181 
3033 2734 2596 2746 3017 2444 2038 2770 2029 2961 3160 1178 3000 2957 2316 1733 2250 2174 2731 3231 
2782 3233 3174 2192 1551 1291 3148 2831 2829 2613 2788 2658 868 1319 3133 2400 2819 2521 1769 861 
2679 2514 2100 3070 1053 3004 2897 928 2656 2617 703 626 3143 2696 1341 2330 2389 3250 3175 2678 
3158 3161 2674 1703 1107 2856 2663 3257 2329 2970 3153 2475 2716 936 2592 1329 3189 2436 1005 3178 
3205 3116 580 2791 3199 3140 2839 2053 986 2012 2455 444 2157 2814 2966 2564 1812 2476 2218 3225 
2556 2700 2366 2915 3161 2458 2026 3020 90 3246 2898 1416 2906 1840 3174 1662 3237 3268 2477 3162 
710 1326 2601 999 2501 1239 2224 2549 2340 2845 2741 1271 1768 3234 902 3282 3263 2853 1983 3285 
2264 2363 3268 1461 3197 1125 3265 3325 2047 3148 2814 2606 2403 3199 1619 3331 3269 3362 2804 3048 
3081 2823 2877 3263 2870 2974 3305 3175 3075 1748 3051 3367 2390 1543 2911 3298 3050 3262 3307 2709 
3331 3291 3358 3026 3147 2409 3372 3286 3085 1001 3377 2769 2908 3381 3402 3387 3357 3252 3231 2409 
2177 3137 2237 2841 2705 2689 2725 2891 3391 3058 3437 3015 3070 1666 3174 3307 3449 3361 2733 3401 
3469 2190 3198 3213 3085 3329 3172 2513 2592 1842 3177 3276 3347 3417 2791 3432 2275 2615 2931 3042 
2560 3453 3040 3280 3101 2981 1799 3018 2410 3442 3438 2650 2414 960 2887 2379 3472 2803 3138 3349 
3483 2692 1566 1956 2690 2485 3256 2214 3437 1868 1205 3029 3409 3454 2720 3456 1815 3182 3089 2897 
3138 2913 2450 3188 3192 3182 3153 2906 3490 3479 3438 1836 2198 2552 3375 3482 3026 3003 3420 3474 
3507 2280 3408 3162 2579 3209 2792 3509 3523 3385 3481 3113 3525 2018 2566 1124 3394 3072 2485 2781 
2195 3322 3457 3158 3263 3121 3123 1472 2608 1371 3058 3194 3076 3502 2778 2219 3526 2310 3485 3533 
2843 1803 3075 2549 3529 2958 1583 3210 3246 3540 3502 3552 2793 2869 3555 3405 1403 3374 3562 3070 
2885 3283 2856 3238 3563 2655 3242 3637 3554 3638 3476 3558 868 1668 3029 1620 3661 3593 3537 3623 
3584 2997 3547 2705 3125 2243 3585 3253 2409 3560 3552 3710 3287 3533 807 3211 3454 3240 3139 1594 
1913 3714 2574 3135 2038 3679 3587 3100 3245 3543 3150 3691 3683 3240 1948 3624 1229 3461 3216 3270 
2785 2869 3624 2908 2244 3634 3433 1804 3728 3761 2274 3706 3706 3429 3276 3142 2945 3248 3347 3184 
2438 2596 1811 3156 2596 3610 3691 1641 2304 3271 3791 3718 3136 3557 3557 1709 3772 3228 3750 3781 
2748 3576 2316 3792 3635 3755 3534 3615 3729 1351 3248 2476 2141 2875 3498 3580 3284 2426 3798 3646 
3279 1440 3309 2968 3704 2819 3311 3180 3477 3689 3233 3362 3679 2722 2393 3448 3487 3753 3745 3599 
3820 3305 2882 3372 3883 3590 3572 3155 1743 884 3875 1983 3807 3530 3337 3353 2110 2653 2939 3387 
3890 2812 3907 2509 3356 3824 3764 3742 3843 3874 2276 1489 3129 3489 3856 3746 3855 3573 3908 2711 
3204 2898 3806 3403 2950 3692 3586 3887 2852 3931 3485 3439 1833 3936 3416 1509 2757 3203 3090 1626 
3223 3953 4009 3113 3124 1400 3575 3536 3982 1102 3503 3649 3605 3631 3564 3175 3086 1317 3769 2759 
3973 1987 4021 3373 4035 4077 3479 3227 2639 3723 3824 2476 3073 3622 3145 3544 3300 3442 3084 1322 
2162 3988 3905 3375 3616 3347 3862 3874 3385 3880 2621 3236 3073 3880 2804 3249 4078 3600 1630 3903 
3832 4083 2878 3538 3760 3850 3804 3891 626 3451 3404 2157 3463 3225 4085 4046 2779 3147 4072 2121 
4003 3486 2522 3970 3605 3576 3491 3210 2382 1097 3075 3672 2934 2436 3509 2339 3978 2817 1895 3820 
4090 2877 3987 3475 3701 3798 3953 2741 3894 3678 3925 3692 1778 2342 2340 2761 2447 3426 4049 4000 
4076 4095 4090 3818 3105 4135 3711 3649 2110 3765 3050 3351 4107 4100 4124 3337 3251 2930 4034 3318 
3556 4006 2712 3586 3843 4199 3254 3478 3499 3633 3821 3458 2326 3936 3504 3349 3293 236 4169 3753 
3401 3418 3733 4122 4218 3681 4215 4085 3063 3652 3524 2768 3023 4219 3121 2006 4016 4162 2471 3421 
3095 4120 3247 4196 2571 1882 2100 3872 2717 3532 1625 3237 2485 2853 3295 3327 2665 4028 4173 3218 
4135 3648 4228 3546 2992 4232 2671 3131 3689 4125 854 4244 4245 3717 3726 3736 2789 2367 1996 3095 
3796 3386 3846 3617 914 3663 4144 4266 4076 3427 4261 1755 4076 3731 2585 2919 3957 3061 3966 3600 
2856 4279 1318 3304 4220 4108 3926 3880 2868 2873 4264 2722 4289 3083 2667 4218 4305 2631 4189 4291 
3577 3799 3861 2800 3937 3104 4157 2277 3543 2720 3040 1492 2734 3514 4312 4098 4264 3286 3270 4049 
4103 4326 2951 3779 4335 4170 2678 4262 3382 3133 4142 3428 3000 3083 2867 2423 3616 4105 3706 2425 
3218 3883 2451 3947 3257 3732 4147 3576 3406 4282 4107 3936 3487 3203 4370 3948 4044 2436 4111 3620 
3489 3776 3809 2160 3682 3980 3715 3576 2516 687 2759 3830 3482 1338 4345 993 3122 4330 3519 4304 
3472 2955 4007 3486 3619 4175 3719 3886 3305 3636 3377 3342 2962 3797 3850 3820 2791 4314 3946 3479 
4184 4311 1961 3034 4080 4331 3627 4413 1425 3767 3902 1909 2026 3820 3729 3286 3821 4170 3858 2925 
1335 4024 3981 2313 2318 3898 4428 4383 4158 588 4173 3883 3983 4446 2661 4202 3190 4258 4450 4193 
3226 4185 3978 4303 3797 4269 3126 2757 4392 3967 4074 3613 4448 3761 3582 4358 4087 4458 2921 3740 
4026 2814 4362 4386 4449 3910 3002 3718 3989 3070 3894 4188 4388 3359 4459 4442 4186 1503 3039 1010 
1742 4407 4460 4446 1830 4119 3970 2175 3881 4226 3633 3857 3899 3071 3639 3963 4195 4341 3747 3907 
3889 4364 3707 2530 3697 971 4267 3579 3599 3187 3670 2821 4401 4467 3452 4321 3708 4414 4382 4272 
3226 3969 3844 3978 3648 881 3789 4087 2525 2829 3776 1538 4170 4473 4291 3356 4388 3831 4038 3992 
2341 4033 3620 3510 2238 3515 2511 3425 2668 3286 2730 4414 1708 3980 4274 3631 3856 4429 4463 3665 
4477 4482 3429 620 4494 4456 4140 2597 4191 3896 4007 3802 3272 3835 3064 3626 3841 4212 1711 4398 
4376 3652 4505 4534 3652 4117 4479 4035 3849 4486 2364 4344 3377 1591 4484 1119 4556 4424 3385 4581 
2760 4301 4450 4000 4551 4221 4261 3444 3867 4257 4580 2852 2876 3890 2142 3922 1096 4235 2516 2375 
2946 2767 4017 2421 4148 2547 4647 1021 2635 3931 4064 4335 4259 4492 2423 3724 4562 3175 4574 2376 
4668 2399 4670 4485 3251 2079 3556 3268 3887 3094 2276 2720 3931 4226 1412 4373 3626 2394 2597 4647 
3243 4587 3147 4352 2232 4650 2639 2274 4514 4679 2720 1683 2346 4454 2231 3543 3955 4371 2685 1143 
4051 2946 3279 1533 4311 4117 3928 3452 2902 4502 4611 830 3441 1946 4282 3659 3273 3859 3749 4039 
4627 4278 3537 3622 3583 2929 4258 4574 2711 3145 4689 4359 4500 4692 3519 3855 4697 1436 4028 2851 
3417 4727 3684 4477 2230 4539 4223 3864 3474 4312 4669 365 4172 3851 1924 3449 2327 3588 3761 3048 
2642 1950 4634 4198 3002 2312 4448 4407 4206 4212 4736 4687 4725 2898 2722 2384 4295 3654 3045 4497 
3022 4140 4163 2528 4454 4354 4752 2972 3733 3660 4415 4107 3612 4578 3754 1189 4683 2533 4208 3803 
4315 1558 1243 3040 2489 4349 4682 4692 4302 3520 4768 4652 4582 3511 1438 3110 3737 4762 3655 3763 
4186 4644 3980 2890 1007 3159 3850 2817 2094 4052 4234 4475 1051 4512 4486 3769 4043 3349 4301 4360 
3242 4067 2226 4710 4737 4392 3524 4702 3689 4788 4797 4180 2293 4689 3331 3724 3455 4802 4149 4631 
4510 3345 4317 3866 4524 3862 4215 4717 4732 4149 4026 4738 2549 4438 3800 1094 3516 4350 157 3050 
3784 4474 1618 4759 1476 4418 4843 4802 4022 4848 1115 3350 4471 3706 4607 2204 3812 4843 4156 3839 
4310 4214 2945 4354 4233 4704 3747 4631 4486 4600 3206 2560 4499 3923 4250 2118 4189 3912 4854 2270 
4538 4918 4261 1375 3356 3968 4717 4781 4403 4467 4191 4917 4443 3635 3165 4867 3748 4685 4515 4383 
2199 4505 4861 4918 3787 508 1539 2575 1021 4640 1569 4553 3350 3594 4664 4032 4753 3021 2182 4920 
4755 4923 4012 3901 4479 4103 4214 4706 4756 4924 4863 4527 4824 4465 3488 3724 1939 4093 2812 2884 
4337 2761 4297 4791 3062 4815 4289 4312 4001 3306 4754 2965 3781 4699 4427 4997 3122 4454 4831 4997 
1935 4692 2792 4044 4098 2861 3879 4915 3587 863 3892 4092 4690 3398 4317 3255 4621 4449 4879 2722 
4935 3507 2469 1743 3765 4276 2992 3701 4546 3515 4539 4111 4963 4398 4722 4278 4859 4766 4953 4938 
4810 2797 772 4241 4074 5041 4011 3344 4503 4825 5016 4273 5025 4896 3777 4884 4972 4775 2163 4551 
4526 3454 4801 3625 2967 2728 4236 4394 4898 4439 5043 5045 4340 3541 4493 3125 4753 5053 4541 3112 
2509 4017 4844 5072 5038 5017 4018 4972 4872 2546 4957 2742 3563 1797 5068 3950 3792 4514 5032 5108 
4832 5111 4822 3699 4335 5024 2901 4994 3761 4044 865 4193 3999 4124 4238 4073 3784 5125 4866 4758 
4532 5104 5031 3574 4867 3294 5091 4931 5096 4826 1903 4352 3804 3717 4247 3995 4580 4789 3066 5142 
4104 4894 4597 4772 4101 4003 4910 4521 4121 5169 3585 4843 3278 5162 4379 5202 5097 3290 4694 4236 
5164 5075 4602 5044 4704 3648 4102 4126 2666 5144 4256 4272 4995 3072 3441 4308 5115 578 5100 5222 
3676 4379 4659 5172 4549 5274 4351 4139 3175 3672 2607 3582 3963 3468 4028 5034 3522 2179 2424 5077 
4617 5173 4464 3864 4032 5011 4960 3701 2901 2588 4737 3978 5171 4903 3990 4913 4702 3842 4142 2845 
5000 3231 4859 1086 4547 4340 4830 5274 4364 4750 4866 1904 4957 4385 4629 4821 4753 2444 5135 4241 
4651 5229 4752 4160 2818 3591 5185 5154 4280 4874 1551 5278 5162 5115 5303 5193 4261 4260 4935 1119 
4991 1682 4553 4886 3643 4764 3272 4251 4963 4409 5167 3423 5308 3782 4575 1640 3626 1202 5220 5089 
3912 5312 3422 4843 5327 4760 5066 4852 4610 4207 3926 3668 5247 3088 3675 4984 3755 4955 4812 5266 
4490 4573 4514 3083 3036 1705 4298 5207 3666 5329 5287 5224 4972 4654 1955 3711 4823 4119 2412 1970 
1846 367 2541 4151 5015 3967 4759 4327 4780 4997 5133 5229 5299 4080 4072 4788 4722 3680 2609 4861 
4122 2722 4840 4198 4367 4237 5332 4704 332 4261 4242 5289 4152 4944 4908 5324 5347 5180 4871 4589 
4515 4512 3160 4935 5174 2212 4978 5293 5354 3143 4794 4997 5185 5260 5386 4974 4783 5358 4853 1685 
3870 3553 3706 4342 4497 5360 3854 4409 5290 4078 1695 4739 4877 4826 5415 4353 3538 2690 2972 1347 
5064 4870 4246 3490 5024 2994 4319 5340 2886 4751 5340 867 5347 5383 5066 5023 5008 4450 5320 4619 
4899 5206 1842 4388 3848 4071 3978 4256 5416 5421 5040 2282 4975 5359 3629 5163 2971 3868 3747 3775 
3428 3933 5390 4509 4792 5344 5308 4432 5422 2536 4765 3888 2982 5372 4231 5397 4595 4378 4037 4843 
4621 5432 3915 5366 4725 5344 4750 2204 5343 4336 4995 5201 5377 4110 5434 5397 1152 3172 4727 4194 
3841 2692 4568 4993 4380 5442 4120 2153 5357 4129 5310 3533 5373 4868 2500 5358 4686 1647 4029 4464 
4187 4701 3308 3701 4618 4557 5193 4371 3487 4898 5111 4897 5450 3663 3246 5315 2871 3799 2373 4902 
2273 5470 5277 4883 1542 5299 4509 3521 842 5059 4629 4243 5135 5420 1763 4601 5383 4894 3200 3975 
3516 5414 4892 5417 4106 3347 4426 4080 5181 4688 4712 1927 3293 5436 2948 836 4205 4536 4031 3236 
5467 5512 5195 3994 4145 2717 5477 3367 4682 5536 4676 4569 5480 5546 5444 5464 4993 3798 5318 4502 
4812 2654 2370 4661 5522 4706 4670 5219 2980 3818 2897 5183 4915 5463 5302 4047 3637 3474 5181 3324 
4187 4870 4847 4262 2939 3497 5349 5372 3338 3718 930 4041 3979 4612 5242 2742 4769 5448 2994 5448 
2370 5437 5295 2348 5236 4924 5176 3155 4901 3171 2741 5478 4463 2205 3766 5173 4290 5527 3452 5358 
3738 2058 5017 4320 5373 1828 3190 2748 5324 5081 5401 3557 2498 3877 3496 5250 4471 4730 4724 4837 
5024 5508 3169 2928 5072 1466 4085 2819 5512 5555 4994 5335 2350 5571 5521 5497 3165 2265 1920 4642 
5532 5471 5452 3959 4048 2348 5437 5508 2088 3026 3338 4552 5531 3020 3421 5518 4903 2591 5564 4873 
4714 5558 3798 4630 2824 5211 4047 962 2624 1119 3632 4768 5198 5286 5326 5067 3276 1887 5432 3683 
5519 4231 5226 5394 5580 5598 1345 5599 2800 5027 5445 3262 5423 5313 4644 3369 5115 4063 4500 4630 
5597 5580 5522 3577 4218 5602 5309 4431 3991 3730 4773 5614 4776 5522 1407 5620 4592 2665 2554 4884 
4619 5243 4423 3091 1920 3773 5001 5550 4761 4116 4244 4947 4784 5229 4836 4324 4752 5492 5568 4741 
2775 4193 3781 5244 4481 5375 5633 5439 5344 5190 4952 4335 5101 3608 4708 2511 4694 5479 4100 803 
4913 3705 4515 5654 4164 3753 5567 5663 5645 5435 2631 5115 4282 4907 4663 3200 2696 4632 4681 5406 
5559 5246 3746 5624 5231 4672 5074 5716 5657 4857 2647 3088 5648 4095 4062 5453 4359 5627 5143 3972 
5486 5423 3372 5554 5302 4328 3060 5533 2805 4605 4394 4853 3839 5506 4183 5726 5661 5718 4430 5015 
5526 5357 4332 4037 2648 4797 5672 5391 4339 5476 2579 5658 5120 4557 5708 5697 5731 5468 5733 5754 
5224 3041 4304 2963 2246 5758 2662 5649 4099 3901 5410 3600 4313 5057 2429 5555 5194 2533 3382 4184 
4515 5760 5154 5785 5258 4014 5326 3038 4305 5329 5762 1384 5160 5438 5439 4535 4496 3465 4163 3840 
4706 3779 4689 5643 5424 5023 5381 4431 2714 5796 5009 5319 4875 5619 2489 5845 4508 3447 5393 4875 
3894 4985 4435 5712 3065 4008 5485 5427 5314 1273 4350 3445 4899 2079 1318 4099 1239 5167 3427 4584 
3167 5874 3894 4751 4439 4455 2688 3251 3943 4778 5716 4539 5508 4784 5179 5645 5591 2488 4688 5157 
5799 5261 3890 5880 2372 1414 5154 4190 5816 2853 3827 5019 5777 2583 2368 5627 2408 5523 2653 5568 
4237 5666 5478 4859 4074 3447 3598 4684 5298 3404 5322 2378 5510 3197 5207 1961 3232 5161 5857 5710 
5330 5674 5668 3105 2395 2588 5501 4817 3877 5882 3714 5278 5375 4832 4944 5873 5778 3405 4360 4481 
5257 5821 3330 5731 601 5239 3698 1745 5350 5192 5249 1139 4213 4359 3237 4044 4833 5665 5469 5217 
4858 5886 5314 3974 3654 3479 4819 5901 3077 3960 2720 5278 4490 3739 4480 4477 4744 3777 2715 4727 
5482 4692 5348 4154 4969 5674 4839 4867 4440 4236 3993 2447 3100 4542 5520 5516 3177 4128 4312 5936 
3904 4859 5125 5537 4254 4802 4824 5345 165 5632 4968 4865 5743 5724 4873 3906 4366 5555 5157 4608 
3374 1663 3968 2945 2136 2108 4985 3808 3200 5053 5064 2842 3364 5268 1882 4472 5737 4502 5267 5732 
5719 3697 4795 3734 5382 4005 5406 5818 3213 5867 5533 5876 4146 5666 5108 5632 5394 5680 5388 5555 
5802 4949 5209 5667 5463 5647 5720 5902 5896 5598 5747 5315 4331 5820 5903 5881 5918 5954 5935 5837 
5634 5578 5701 5967 5958 5993 5961 5725 5903 5948 5969 6072 5575 6065 5375 5689 5202 4071 5904 3839 
4169 5859 5220 4793 5939 5062 5936 5676 5983 5832 5998 5338 5158 5159 5726 4266 4930 5819 6030 5123 
5964 4896 5043 5786 4015 5629 5017 4783 3327 3583 5428 5442 5440 5671 3878 5692 5112 4736 5424 5094 
5392 5597 5098 5713 5247 6074 3203 6082 5022 5664 5730 5686 4288 5219 4937 4886 6080 6005 4889 5641 
5469 5684 5277 3683 5380 3420 5601 5514 5928 5887 5758 4450 5993 5653 3961 6002 4932 5914 5614 4647 
5551 5370 5726 3579 5707 5984 5557 6080 6084 5304 5480 4452 5883 4773 5420 6087 5789 3663 6000 6099 
6006 4807 5943 5415 4797 6110 6093 6051 5456 6053 5689 5978 5795 5373 3811 3747 6120 4639 5313 6124 
5492 5819 5658 5500 6128 4904 5973 5829 5800 3498 6147 4323 6166 6129 5726 5936 5475 6111 6043 5691 
5516 3405 4593 6068 6176 6102 5887 6123 5284 6181 5906 6142 5780 3917 5196 6196 3561 6189 5367 4829 
6178 5242 4465 5372 6200 5262 4042 5445 5652 4770 6035 5969 5415 4502 4877 4833 6233 6157 6195 6248 
5218 4696 5496 4047 5870 5487 5612 5652 3070 6267 4326 5825 5761 5707 5670 4838 5135 6182 5296 6113 
5650 6101 5590 6165 5203 6236 5825 5903 6269 6110 5636 6287 6058 6058 4849 5623 5480 5781 5075 6081 
4496 4914 5861 5463 4571 6196 5418 5383 6228 6063 5117 6040 5419 5055 5720 5650 5443 5688 5381 4499 
5390 3945 5516 4773 6321 5719 6088 4998 3452 6034 5745 6265 6109 6201 5256 2689 6336 5822 5526 6292 
5460 5613 6254 6302 5990 6116 5417 6262 5839 6029 5800 3850 5286 3486 4586 4418 5491 6103 5834 6257 
6357 1946 6101 5114 6374 6138 6294 5041 6179 6299 5516 6232 5753 4400 3299 3884 6299 6261 5621 6303 
6321 6375 6020 6266 6333 6403 5953 4510 3641 1340 6314 2711 5764 5141 5058 5562 3895 5896 6357 6015 
6388 4608 5462 4995 5417 5935 6051 5160 6034 6319 5539 6332 3332 5941 6363 5364 5356 6170 5836 5396 
4942 5877 5805 5462 4487 6413 3833 6111 5802 5714 5468 5249 4701 6184 5850 4448 4672 6356 5619 6397 
6307 6166 5051 4887 5937 4817 6380 5471 6289 4357 5729 6052 6255 6105 5582 5612 5579 5852 5696 5565 
5989 5966 5773 4517 6362 5665 6200 5352 6432 6290 5422 3393 5621 6063 5638 5710 5947 6060 5003 5412 
5529 5930 6142 5959 5507 6212 6337 6468 6199 6286 4645 4556 4739 6492 5972 5127 6194 6294 5909 5561 
6395 6399 3087 5658 6125 5535 5743 5297 5297 5286 4136 3963 5954 6265 5987 6504 4832 6074 6403 5833 
6293 6249 6412 6201 6394 5523 5807 6286 3706 3114 6270 6159 5259 4181 6301 6028 5918 6514 5082 4964 
5987 6508 6459 6194 6491 6183 6335 5767 6519 4619 5679 6520 2802 5355 5309 6112 4032 5094 6524 6030 
6432 6020 5785 6012 5506 6327 6232 5752 4861 3934 4125 4270 6223 5791 6199 6338 5563 6497 6547 4649 
5405 5884 3863 6103 5445 5835 5820 5793 5491 5815 6089 6333 5671 6465 5368 6161 4984 3821 6401 6403 
6509 6236 6313 6548 6500 6370 5235 5332 5757 5658 5889 4543 4959 5906 5093 6000 6083 6472 5752 4396 
6153 6045 6553 5641 5407 6304 6299 4552 4758 6482 5772 4764 6229 4037 5456 5263 5893 6407 6557 5699 
6120 5927 6425 5907 4192 6340 3383 5180 4777 6559 5252 6409 6413 5056 6521 6565 6529 4888 6380 5746 
6227 6012 6051 6186 5765 5993 5577 6221 5143 5926 6198 5914 6382 6422 5681 5492 6480 5196 6488 4841 
6565 6579 4371 6598 6417 4855 5749 6424 6545 5178 6189 5684 6587 5503 6159 6600 6401 4860 6604 5724 
5942 5977 6290 6594 6613 6536 6149 5234 6455 4647 6221 5746 3279 6620 6636 6605 6667 6051 5660 6130 
4804 6622 6329 6339 6355 5850 5092 6612 5793 4114 6438 5220 6377 6509 3890 5791 6094 5541 5167 4910 
3639 5325 5012 6173 5669 4905 6143 6142 5970 6636 6516 6466 5212 5976 5861 6637 5795 5610 6524 3634 
5701 6633 5006 2280 5121 6066 5236 5641 6031 5809 6114 6027 5646 4601 6657 2866 4569 6572 6628 6073 
6674 3698 5430 5527 5929 5956 6420 6494 4786 6651 5824 6637 3713 6118 6690 6545 4549 6469 6713 6483 
6347 6250 3029 6141 6456 6664 4840 6471 3962 4991 6723 6645 5827 4283 6082 6593 6652 6291 6104 4855 
4143 6612 6147 6342 5517 6560 5857 6482 6652 1185 5362 6486 6693 6679 3871 6317 5025 6347 6587 6672 
5500 6179 6455 6465 5521 5574 4793 4762 6735 6377 6740 4344 6709 6672 6719 6689 6682 6577 4326 5852 
6743 5772 6352 6539 6533 6301 5531 5105 6517 5938 6115 6715 6753 6545 5624 6406 5539 5793 5130 2200 
6460 6675 6499 6651 1864 6216 5019 6141 6163 6743 4741 6512 6387 3412 5241 4587 6071 5965 5652 6416 
5644 6468 5440 5232 6346 6832 6783 6417 6709 5461 3986 6747 6740 6551 5543 6908 6728 6046 6433 6295 
6351 5697 5612 5456 5829 4625 6042 6277 6094 4801 6767 5140 6599 6322 6872 3793 6783 6499 6396 5677 
4525 6580 6569 5284 5084 6540 5203 5742 5115 6922 2969 6279 5291 6487 5643 4246 6266 6442 6425 5360 
6506 6926 6155 4430 6700 6471 5839 6926 6872 5458 6466 6894 4202 6599 4797 6620 5435 6765 3961 5636 
5655 6726 6362 6936 6859 6591 6742 6600 5148 6737 6539 6582 6207 2183 6901 3171 6783 6302 4631 6781 
3149 6520 6486 5728 6935 6964 6938 7003 6823 6838 7026 3672 4891 6549 4639 6810 4192 6592 4678 6544 
5884 4565 6529 6901 6670 3182 5960 3661 7038 5236 4424 6583 5445 6724 6358 6703 6654 6699 5631 6848 
6846 2504 6707 6448 6857 6051 4692 3620 5899 5244 5657 4537 6196 6125 3078 7024 4583 5085 4457 6656 
6446 5622 3712 6389 6746 6798 6723 4177 6412 6145 6835 5697 6868 6615 5521 4249 6476 6403 6094 2331 
6720 5966 5006 2676 5252 6579 6076 6090 3208 5017 6201 6527 4397 3164 4981 6575 4024 6603 6595 6065 
6284 5342 6236 5707 3722 6246 5981 6783 6178 5803 6679 6930 6747 6814 4010 6114 6048 6240 6277 3322 
5321 6652 5458 5376 4547 6868 6591 7058 5076 6694 5871 6641 6698 5390 3753 4615 5861 6805 6452 3455 
6293 3343 6759 5072 6932 5504 6859 4448 6469 6972 6239 6995 6326 3427 3745 4562 6769 5613 3897 6650 
7065 6484 5684 6623 5034 7056 6873 3993 6293 5743 7034 6967 6395 6717 5056 4168 6765 4007 6118 5685 
6919 3793 4446 6880 7102 4517 6502 6066 6079 5954 6429 6444 5668 4495 3700 5645 5853 6720 3738 6081 
5672 5714 5159 5618 5222 4381 6101 6787 4066 6759 5839 7084 5738 6551 5867 6974 5121 6073 6882 6495 
4994 5919 3846 6493 6961 6663 3768 6331 5608 6879 6930 5275 5556 5992 5247 6314 6224 5871 6340 6102 
5787 6003 7035 7109 5468 6986 7051 7091 6119 6755 4697 7059 5845 5462 5305 3808 5533 6570 4450 6924 
6615 7042 5136 6986 4489 7026 7089 6780 6402 6134 6594 4258 5965 5384 6809 4743 6935 6948 5013 7113 
6745 7033 6616 7078 6831 6795 6336 6760 6713 7075 3626 6377 6014 6796 5491 7126 6953 6797 6916 6932 
6968 7139 6054 4484 4369 7093 7140 7011 4854 6674 6535 5820 6818 6945 6816 6388 4944 7053 7161 7168 
5524 4738 7176 7190 6062 6089 7051 6511 7164 5436 6884 6634 6968 5683 6716 7083 6582 6992 5788 7194 
7177 7133 6697 6166 6115 4374 5905 6054 7193 6896 6832 6995 7141 6115 5021 6479 3738 6272 5323 5134 
5876 7194 6332 6295 6030 7032 5587 5316 6054 4197 6220 4661 6498 6913 7162 7210 6713 6632 5240 5942 
2941 6720 4485 5599 6198 6431 7110 6976 5255 4690 6671 6923 6876 6162 6683 5574 6285 6708 6971 6562 
6422 4956 5016 7230 7183 6866 5743 6598 6505 4814 6762 6509 7040 6868 6418 6496 6664 7074 7216 7248 
6813 7040 7254 5193 6995 7151 6429 3509 6906 7056 7166 5042 6688 7001 6343 7206 7196 7072 6955 6989 
7218 7111 6343 7049 6951 5300 6952 6569 6072 7103 6566 7231 7166 6997 7180 6402 6174 7182 7260 5023 
4283 6546 7162 7278 6446 7078 6785 6939 6529 6157 7001 5804 7239 7199 7286 6498 7101 7063 7261 7248 
7211 7252 7214 5037 7185 7301 6089 6724 5593 6583 5245 6443 6053 5644 7159 6780 6648 7321 6912 5809 
7302 7195 7121 5590 7161 5164 6972 7214 7308 7199 4224 4541 6830 6218 7311 7021 6645 6734 4910 7256 
4674 7175 5891 7200 6683 5640 6389 7289 5485 7330 7325 5752 3459 7240 6343 6857 7323 7317 7048 6855 
7198 7279 7334 7120 6951 5917 6648 6970 5584 6921 5273 6354 6398 4598 5217 7194 6008 2206 7296 7337 
5980 7220 5544 6161 6631 5904 6790 6629 7267 5302 4681 5248 7104 5801 6110 6485 5025 6182 6308 7034 
6982 7262 6890 6628 7013 6996 7347 6191 5982 7348 5353 5041 7348 7101 7287 7389 7284 6941 6361 7188 
7228 7175 7345 4057 5609 5203 6986 7392 6653 7346 6640 2046 7359 5855 7396 7297 7049 4317 7396 5413 
6841 7355 7035 4827 4785 6480 6303 6962 6125 5682 7247 7398 7304 7333 7404 7356 6873 6438 7326 2252 
5740 4706 7350 6445 7168 6847 5710 7355 7339 7207 7125 5010 5651 7356 6991 7120 7346 3050 7281 7151 
7265 7104 4076 7036 7464 5701 7159 6543 7299 6623 5149 7044 7171 7420 5489 7260 5539 7275 5951 7322 
7233 6665 5099 5925 5827 5855 4384 6596 7023 7281 7219 7320 5075 6015 7138 4349 6946 6662 6363 6788 
5064 6842 7074 7183 6626 6650 7055 6387 7033 7504 7167 7396 7513 5609 6840 7096 6985 6507 4028 7339 
7020 4569 6831 7000 6683 6916 6948 7212 6632 6301 6934 7368 7025 7209 6390 7372 7534 7370 7142 6822 
4944 5210 6511 7223 6933 5236 7303 7421 6701 7275 5756 7517 6973 6728 6751 6172 6586 6946 5582 6315 
5675 4420 7117 6997 6927 7475 4910 6907 7406 6690 7167 7404 7021 7356 7535 7424 7284 7457 5324 4831 
7250 6246 6081 5920 6957 7444 7539 7553 7036 5334 7446 2256 7482 7320 7497 7361 7433 4861 7469 5204 
7375 7225 4309 6555 5779 7280 4821 6148 7420 7358 7295 7371 5790 7223 6448 7139 6890 6662 5353 6145 
6488 5645 7364 6948 7190 7130 7563 5912 7525 4621 6292 7498 6570 6941 6454 7486 7420 6668 5609 7038 
5834 7137 7116 7498 7206 6734 6824 4903 7230 6087 7410 7524 7084 7575 7480 7484 3489 4659 6264 6441 
7006 4937 5768 7521 6360 7577 6538 7513 6696 6688 7246 7420 6899 7005 7489 7186 7389 3323 5001 7325 
7368 7001 6249 4565 7446 6923 7480 7522 7442 6081 7385 7494 7576 4764 6330 7191 6720 5422 5702 7088 
7218 7584 7490 5667 4365 7321 7591 4919 6664 7440 6975 7578 7593 7521 4983 5811 6304 7272 7334 6033 
7449 7523 7481 7472 7604 7538 6620 5270 7411 7327 7604 7619 6078 7602 3366 5196 6164 7547 7182 7107 
7242 7557 7657 6203 7637 4252 7120 4937 6324 7384 7011 7366 7099 7604 7580 6927 6362 7354 7378 7515 
6795 6772 5037 7464 7681 5752 7153 5937 3957 7532 4762 7181 7700 7499 7045 7558 5550 6622 6326 5282 
6985 5672 7413 6769 5404 6157 7291 5784 6867 6679 4026 4585 6696 6221 6478 7394 7171 6672 7587 7623 
2384 7606 6747 7112 6379 7543 6676 6658 7219 6011 7007 7642 4863 3599 6167 7324 5369 7449 6559 6570 
7250 4512 7674 5646 6926 5534 5225 7541 6682 7234 7737 7490 7463 5531 6892 7354 6244 7146 7233 7351 
7500 7077 6490 6313 7748 7199 7593 7431 7777 7625 7367 6341 3612 6864 7706 7383 5103 6493 4884 7102 
7672 7444 7338 5565 7194 7546 7796 7148 7481 6868 4324 6676 6484 6423 7428 7467 7619 3882 7721 5355 
6618 7666 7597 7672 4623 7699 6175 5523 7461 2206 6343 7305 7491 6538 6876 6985 7764 4308 7597 7483 
7628 5928 5358 7577 7721 7654 5896 7543 7079 6508 7702 7708 7634 7008 6630 3656 7429 6435 5912 7726 
6811 7737 7710 4279 6447 7785 6841 7530 5108 5368 7313 7569 7690 7470 3248 7242 6547 6235 6228 7464 
5391 7519 7122 3430 6890 7627 6982 7409 5391 6827 6675 7670 7249 6358 7652 7786 7210 6617 7492 6226 
7689 7802 7607 7687 6231 7815 7839 7244 7251 7399 7344 6311 5693 7020 7761 6474 6395 7635 7240 7842 
7716 5725 6888 7660 4574 5968 7818 7785 7838 7265 7107 7530 7538 7805 6287 7663 5377 5866 6414 7804 
7855 7468 7573 7361 5664 7766 7746 7815 6997 7698 6139 5285 6555 5255 4179 7978 6849 7006 7326 6116 
7366 7591 7194 6816 7634 7706 6282 7127 5547 7627 5707 5559 7800 7855 7730 7853 7713 7906 7883 7585 
7626 7310 7763 4576 6993 7777 7487 7450 7625 6721 6707 7664 7788 7854 7884 7692 7699 7927 7873 7705 
7161 4966 6631 7813 5980 7787 7332 7875 4952 7410 7142 4477 7279 7741 7512 7722 7900 7421 7903 7307 
7474 7839 6521 7725 7509 7344 7458 4684 6487 7291 7761 1992 7495 6933 7913 6282 5752 4960 7629 5694 
7264 6096 4825 7790 7040 7194 6612 7457 6406 7222 6674 7267 7408 7932 6183 6695 7628 4650 6774 7815 
7901 6465 5833 7084 7427 6525 7484 7410 7289 7413 5909 7011 6064 4103 7707 6179 5270 7744 4265 6621 
4742 7224 5733 7822 7692 5835 6300 4680 7527 7929 7581 7047 7840 6290 6727 7286 6630 7641 7904 6753 
7960 6016 7806 7858 7371 7737 6277 7459 7845 4668 7669 7980 7970 7304 5847 7004 5161 7765 5505 7696 
7731 6266 7550 7544 6967 7770 7060 7772 7532 6690 6804 6265 6034 7983 7668 7478 4156 7053 7924 7985 
5981 8034 7400 5497 5099 6136 7509 7422 5440 7298 6497 8056 8024 8070 6324 8021 7103 6730 6324 7386 
8052 8019 6561 7968 2988 5970 7832 4315 7028 7792 8026 1752 7566 8069 6396 5983 5340 6468 6996 6566 
8055 7085 6918 6906 6227 3757 6855 7837 4418 6002 6366 6826 7779 6089 7178 6555 7259 5315 5920 7200 
7093 7602 6144 7262 7133 7867 7149 6113 7437 8061 7191 4494 5570 7214 7674 8086 7447 7125 7307 7813 
7900 5694 7749 7028 7535 7638 6533 6442 3299 6553 5953 6593 8074 7890 7386 7881 7752 7769 6009 5942 
5222 8043 7276 6584 4511 4999 7629 5533 5032 7639 6738 8094 5852 8036 3156 7648 7338 4930 6590 7395 
7144 7864 7598 6777 7845 7611 7937 7071 7315 7611 7855 7843 7573 7914 7950 7946 8085 7939 7842 7785 
7067 7799 7554 7617 6682 8091 7885 8130 8115 8157 8086 7443 7726 7854 7948 7953 8010 8135 8038 7579 
7926 7342 7603 7855 7936 7848 8143 8163 8148 8138 7744 7203 8089 7823 7982 7326 8136 8184 8157 6176 
7704 7619 7877 7935 7668 7835 6820 7605 8162 8063 7997 7720 7832 7691 7920 4903 8169 8049 7615 7931 
7869 7289 7925 7841 5429 7504 5942 8092 7086 7765 6789 7708 8085 7865 7035 8106 7818 6915 6803 5954 
7600 7775 7125 8180 7574 8189 7559 7378 7532 6493 7820 7942 8176 6819 7027 8047 8162 7778 7869 6279 
7946 8022 8173 6955 7566 7577 7836 7809 8160 7407 6897 5818 7523 7792 7920 8175 8202 6789 7710 7115 
7555 7875 7174 7968 7941 7492 8202 7397 8103 8157 8207 7780 8175 5529 8206 8095 6720 5281 8129 7977 
8036 5157 8053 7441 7128 8214 7441 8152 7766 7487 7999 7685 7733 7886 8083 7260 7358 7971 7474 7888 
7938 7926 7329 8113 8173 7081 7586 7743 7485 8091 8035 8190 7375 8214 8212 7863 7968 7903 8042 7499 
8223 7055 7437 7787 8209 8208 7739 7513 8162 8028 7989 7925 8224 6026 8111 8179 7973 7839 7605 8225 
8228 8075 6521 7221 8078 7133 8243 8123 8011 7807 7936 7602 8277 6572 7845 5981 8293 8091 7963 8185 
8082 7516 8257 7104 7975 7812 7708 7847 5399 7891 4993 8128 8173 7955 7559 7297 7650 7938 7987 8260 
8171 8237 7880 7501 7277 8253 8295 8294 8250 7220 8016 8197 8338 7993 8331 7476 8249 8040 7180 8291 
7499 6865 7786 6694 5718 7907 7942 8029 7977 7914 6774 8255 6329 8194 7977 7909 8127 8309 8384 8069 
7516 8251 8190 6928 8389 8270 8339 7824 7847 8073 7977 8017 7502 7400 8277 7176 8067 6891 7547 8170 
8294 7575 8372 8306 7855 8250 8089 7416 7944 8318 8232 8098 8318 5750 7703 5320 7992 8363 8322 8296 
8390 4284 8391 8313 8073 8163 7845 7702 8109 7514 8419 8270 8327 7909 7707 7908 8252 8107 8150 6930 
8419 8160 8347 8260 8407 8241 8130 6998 8236 5469 8429 8373 8186 7118 8326 8399 7016 8061 8281 8365 
8432 5022 7436 8350 7821 8049 7924 6603 8453 7584 8077 7972 8458 7568 8251 8084 8373 8391 8485 8341 
7223 8148 7751 8028 6542 8134 6725 8417 8142 8250 6938 7976 7705 7786 7890 6038 6351 8345 7903 7783 
8336 7781 5206 7257 8357 8042 7292 8432 7658 7450 8428 7512 8295 7798 8395 7230 7859 6676 7934 8105 
8090 7705 8231 6862 7663 7880 7989 6858 7213 8128 7268 8140 8429 7582 7955 8416 7849 8374 6831 7501 
8057 8317 8347 8091 8219 8144 8350 8385 7531 8368 7868 8425 7883 8376 8439 7937 8486 8443 8389 7507 
7928 7890 8346 6934 8136 7434 7208 8502 8515 7879 6304 7911 8287 8451 8213 7733 8518 8509 8135 8391 
8164 8231 7717 8124 8219 8387 8500 8305 7652 6411 8481 7639 7570 6236 7303 8032 8526 8481 8492 6374 
8363 7248 7823 8052 8435 8315 8521 6777 8224 8344 8022 8526 4438 7637 8198 8323 7296 8519 8429 8231 
8275 8292 6599 8271 7706 8493 7717 6921 7138 8450 6781 8256 8433 8533 7275 7401 8538 8357 7877 8534 
7697 7700 7660 7027 8334 8541 8065 8015 8172 8127 7979 8272 7444 8545 8005 7198 8002 6296 8533 8547 
8370 8226 7223 8511 8527 8363 6572 8029 8122 8350 7856 7101 6997 7802 6693 8134 7445 8117 8152 7418 
7988 8140 7374 8382 8567 8442 8217 8392 7674 8085 7935 8454 8455 6706 7782 8341 8547 8438 8462 7778 
8453 8051 8534 6790 7026 8575 8471 7741 7237 8458 7968 8483 8585 8560 8566 7382 7955 5884 8581 8264 
8149 8566 8191 8524 8133 7528 8525 7771 7632 8025 8557 8579 8587 8525 8588 8524 7479 7809 8406 8347 
8333 8582 8266 8382 8600 7929 7529 8409 8549 8313 8575 8279 8612 8618 8619 7943 8212 8481 8157 8242 
7490 8385 8634 8643 8502 8455 8605 8654 8569 8593 8619 7287 6866 8646 8544 8633 8548 8517 7720 8344 
5487 8510 8353 8612 8504 8143 5740 8550 8629 6439 8019 5948 8415 7403 7744 7728 8419 8464 8649 8557 
8469 8517 8466 8095 7808 8343 8018 7634 8426 8666 8620 7811 8415 8088 7919 8646 8615 8380 8417 8303 
8675 8373 8157 5177 8687 8608 8444 7424 7946 7210 7983 7883 8326 8179 8097 5638 8179 8244 7412 8418 
8446 8523 8474 5936 8620 7992 7413 8625 8694 8313 8692 7910 7451 7895 8641 8702 8570 8529 8672 8587 
7984 7922 6992 8713 8464 8583 5115 8684 7337 8581 8681 8563 8621 5780 7824 8510 8720 8338 8366 7040 
4511 8329 8590 7980 8359 8671 8445 8418 8389 8574 7244 8600 8591 8155 8257 8630 7845 6742 8653 8430 
7985 8171 8222 8656 8653 8398 7958 5047 8729 8717 8686 6599 7743 8622 8540 8290 8106 8479 7476 8766 
8558 8276 8323 7906 8156 8245 8738 7958 8110 8700 7698 8714 8733 6655 8178 8350 8758 8695 7359 7136 
8608 8711 8553 8733 7237 8756 8606 7286 7388 8572 6759 8638 7731 5733 7812 8642 8503 8768 8304 8707 
7534 8621 8038 7512 8611 8769 8776 7942 8666 7372 8129 8778 8774 8641 7738 8791 8795 8578 8532 8359 
8250 8314 8616 7606 8495 7748 8046 8145 8192 8238 8326 8348 8425 8573 8348 7845 8667 8161 8731 8699 
8261 8802 8796 8802 8782 8414 8724 8070 6635 8714 8782 8660 7878 8199 5897 8785 8372 8710 7523 8003 
7312 8831 7787 6010 8735 8690 8636 8837 8187 6517 7996 8837 8754 6869 8567 8375 6555 8654 7124 8417 
6612 7652 8739 8778 8782 8758 8811 8630 8763 8816 8649 8111 8245 8788 8392 7865 8721 8182 8832 8680 
8062 8420 8422 8752 8857 8836 8872 8638 8710 8709 8867 6869 8685 8419 6847 8567 8819 8741 7266 8865 
7439 7119 8117 8635 8880 8883 8710 7601 8871 8737 8679 8529 7017 8706 8652 8774 8642 8886 8675 8895 
8631 5012 8816 8516 8783 7773 8096 8687 8455 7662 8882 6925 8530 8083 8239 8725 8074 8183 7107 8827 
6966 7623 8504 8376 8158 8505 7983 5498 7910 8718 8497 6953 8848 8204 7532 6655 8638 8739 8682 8638 
7625 7950 8097 4136 8802 8471 6219 8899 5834 8576 6668 8482 7937 8156 8294 8458 8269 7912 7889 8232 
8910 8154 8830 8866 7537 8348 7580 8900 8740 7245 8582 8905 8670 8808 7908 8822 8606 8725 8804 6077 
8904 8767 8883 8561 5892 8064 7939 8835 8449 8684 8787 8409 8934 8767 8491 7823 8763 8858 8800 8673 
7772 8912 8545 8711 8804 8520 8730 8297 8594 8909 8953 8699 8722 8038 7174 8766 8937 8462 6684 8910 
8440 8881 8922 8343 8352 8399 7992 8371 8699 7389 8829 8927 8819 8838 8451 7680 8967 6876 8705 8537 
8429 6903 8801 8929 8967 8562 8730 8453 8949 8950 8836 8247 8475 8933 8685 7088 8777 8845 7014 7190 
8909 7947 7788 8811 8592 7906 8259 8372 8076 8871 7269 8927 6771 8641 8461 8050 8296 6826 8931 8428 
7495 8230 6465 8750 8954 8973 8932 8855 8765 8843 8963 8104 8539 8810 8280 8870 7756 8174 8328 8827 
7960 7703 8614 8571 8589 8188 8799 8958 7921 8871 8282 8724 8719 7753 7143 7813 8630 8806 5560 8981 
8254 8722 8969 8985 8169 8865 7786 8134 7078 7507 8823 8910 8141 8747 8822 8902 8980 8987 8962 8988 
8813 8933 8829 8995 8943 8780 8989 9003 8991 9010 8701 8625 9012 8765 8928 8624 8952 9019 8994 8945 
8961 8876 8942 8730 8962 9019 9008 8269 8562 8508 9020 8402 8977 8905 8790 9027 9031 9039 9032 8901 
8306 8916 9040 8662 9043 8988 9048 9050 9055 8898 8791 9068 9005 9024 9093 8849 7790 9076 9007 9095 
9095 9025 8913 8871 8802 8090 8848 8859 8834 9035 8732 9012 8672 9032 9124 9026 8350 8663 8019 9009 
8863 8568 8945 9008 9101 8677 8470 9070 8185 8803 9084 9057 7708 9093 9010 8905 8899 8527 8625 9069 
8987 9023 8964 9012 9126 8884 9011 8581 8574 8830 8732 8673 8856 8713 8350 8375 8848 8724 8748 9106 
8700 8676 8103 8438 9033 9078 8913 8958 8874 8446 8862 9116 9162 8887 8476 9092 9039 8808 9015 9057 
9089 9057 9047 9162 8921 8902 8780 9041 8754 9135 9072 9105 9165 7478 9110 9138 8996 9070 9047 9140 
9007 9145 8952 9083 8277 8254 8704 8943 9148 9101 9145 8929 8985 9150 8609 8454 8833 8939 9061 8765 
8890 9067 7381 8847 8839 8611 9098 8475 9166 9124 8691 8576 8661 9102 9147 8799 8709 8855 9135 8838 
9164 8710 9166 7576 9134 8985 9132 8869 8131 9152 9169 9061 9172 8986 9040 7921 9157 9153 9156 9088 
8793 9173 9057 8118 8034 9151 8872 8814 9154 9114 9175 8817 9163 8028 9084 9161 8875 8442 6283 8600 
9183 9183 8864 9095 8918 8976 9187 9129 8827 9191 9093 9196 9073 8536 8321 9197 9083 9199 9093 8237 
9194 9023 9120 8717 8958 9077 8739 9197 8868 8950 7803 8134 8888 8833 9151 8647 8955 9119 9095 9145 
7886 8918 8206 9202 9132 9121 8988 9222 9220 9100 9112 9140 9194 7528 9223 9180 8836 8453 8473 9212 
9080 9156 8921 9166 8806 9263 9249 9192 9088 9167 9176 8784 9244 8971 9118 9182 9229 9188 8480 9250 
9195 8720 9076 9096 9265 7292 9225 9004 9145 9253 9265 9074 9209 9092 9173 8942 8198 9175 9295 8478 
8965 8911 9097 8868 9284 8747 8899 8790 9201 9210 9297 9269 9232 9156 9303 9240 9285 9197 9274 7800 
9312 9271 9153 9275 9203 9259 9310 8527 9307 9273 9144 8979 8821 9277 9314 9162 8933 7842 8746 9275 
9045 9237 9166 8998 9317 8946 9194 9186 9292 8898 8878 9230 9030 9220 9298 9286 7382 8866 8894 9181 
8828 9009 8945 8861 8854 9288 8351 9289 9224 9278 8977 9139 8969 9317 9167 8949 7924 9140 8944 8690 
9072 8776 8841 9264 8928 9076 9133 9091 9323 9203 9006 7728 9049 9325 9267 9231 8969 7966 8933 9327 
9186 8784 9329 9233 9013 9266 9328 9324 9295 8578 9270 8962 9331 9174 8993 9333 9338 9343 8930 9337 
9273 9327 9131 9314 9318 9241 9303 9343 8575 9308 9204 8883 9337 9343 9274 9345 9212 9138 9014 9262 
9345 9346 9346 9195 9291 9348 9354 9082 9158 9064 8925 9107 8979 9116 9085 9261 9313 9295 9269 9177 
9345 9255 9040 7493 9256 9358 9328 9359 9181 9231 9324 9362 9362 9232 9368 9218 9334 8825 9317 9365 
9372 9372 7663 9280 9400 9314 7969 9312 9404 9352 9004 9384 8744 9286 9399 8809 9338 9402 9319 9407 
7269 9352 9409 9359 9303 9250 9020 9416 9180 9397 8597 8860 8497 8561 9329 9094 9289 9160 9401 9413 
8979 8642 7969 9392 9416 8946 8538 7478 9206 9415 9417 9161 9429 9113 9361 9291 8748 9332 8985 8561 
9066 9304 8896 9203 9424 9228 8678 8693 9070 9418 9421 9254 9295 9335 9324 9143 9347 9149 9343 8733 
8058 9326 9431 6921 9454 8643 9337 9392 9457 9391 9175 8744 9393 7392 9379 9439 9468 8356 9253 9437 
9472 9425 9420 9261 9358 9467 9298 9421 9442 9474 9402 9457 9355 9440 9293 9422 9385 9346 9450 9384 
9357 9424 9461 9387 9390 9362 9233 9416 9245 9290 9475 9409 9418 9382 9294 9412 9489 9359 9263 9311 
9373 9449 9416 9485 9315 9489 9482 9491 9443 9262 9476 9368 9491 9427 9460 9494 9451 9461 9496 9375 
9500 9495 9499 9497 9505 9505 9505 9441 9230 9225 9436 9397 9483 9505 9531 9493 9395 9492 9495 9518 
9440 9526 9532 9527 9402 9457 9496 9524 9545 9553 9429 9460 9348 9485 9525 9520 9095 9566 9380 9563 
9534 9462 9115 9567 9549 9497 9521 9300 9561 9393 9436 9505 9170 9441 9047 9471 9322 9334 9250 9519 
9484 9575 9299 9418 9482 9576 9564 9532 9570 9435 9504 9465 9542 9418 9452 9580 9544 9586 9579 9603 
9596 9212 9461 9598 9599 9530 9285 9610 9503 9457 9056 9584 9618 9499 9454 9574 9522 9494 9463 9571 
9618 9529 9585 9484 9620 9620 9601 9565 9347 9491 9389 9559 9551 9628 9525 9469 9630 9573 9629 9636 
9440 9120 9614 9644 9171 9644 9607 9568 9478 9513 9609 9494 9560 9514 9558 9090 9353 9575 9646 9648 
9342 9393 9512 9574 9615 9649 9579 9441 9611 9506 9569 9665 9663 9657 9664 9668 9675 9685 9612 9618 
9688 9690 9665 9539 9434 9546 9453 9559 9524 9679 9691 9602 9600 9621 9656 9692 9669 9447 9669 9578 
9674 9527 9258 9076 9635 9592 9567 9510 9523 9509 9671 9693 9365 9488 9501 9645 9636 9593 9245 9629 
9698 9550 9628 9671 9694 9587 9612 9579 9263 9535 9307 9602 9483 9407 9466 9673 9679 9702 9612 9682 
9573 9687 9705 9575 9325 9569 9643 9711 9573 9441 9688 9705 9705 9560 9613 9630 9711 9222 9712 9717 
9730 9682 9184 9664 9672 9632 9646 9694 9718 9513 9681 9719 9719 9725 9703 9704 9733 9704 9696 9579 
9660 9726 9714 9730 9706 9566 9718 9626 9718 9733 9564 9739 9743 9746 9748 9744 9668 9671 9752 9753 
9753 9701 9763 9642 9714 9615 9722 9692 9692 9776 9766 9530 9776 9767 9755 9758 9778 9782 9607 9693 
9783 9735 9728 9735 9746 9767 9638 9751 9784 9713 9782 9787 9791 9788 9793 9677 9790 9793 9795 9777 
9438 9798 9522 9779 9740 9772 9796 9766 9780 9801 9754 9790 9798 9772 9802 9821 9804 9606 9608 9823 
9762 9743 9808 9814 9825 9678 9720 9825 9575 9827 9807 9832 9760 9599 9744 9633 9832 9827 9755 9775 
9834 9718 9814 9640 9443 9830 9579 9815 9807 9620 9836 9811 9838 9838 9787 9835 9701 9773 9850 9597 
9854 9782 9839 9744 9747 9810 9817 9743 9820 9840 9847 9841 9846 9791 9856 9842 9857 9820 9500 9846 
9753 9865 9669 9852 9834 9732 9821 9840 9774 9871 9846 9872 9873 9875 9877 9779 9797 9881 9816 9883 
9886 9868 9864 9882 9834 9854 9769 9884 9871 9889 9890 9793 9752 9705 9876 9891 9879 9891 9898 9838 
9904 9744 9886 9843 9867 9821 9883 9892 9905 9897 9900 9888 9904 9898 9806 9872 9908 9881 9910 9804 
9911 9878 9857 9859 9894 9864 9913 9905 9915 9907 9919 9859 9888 9902 9921 9889 9565 9925 9907 9925 
9816 9932 9920 9815 9890 9943 9926 9937 9927 9933 9932 9943 9928 9916 9945 9950 9884 9950 9951 9900 
9937 9936 9917 9954 9899 9949 9956 9954 9954 9955 9918 9930 9944 9960 9951 9956 9961 9927 9971 9950 
9950 9957 9972 9926 9973 9963 9976 9976 9969 9976 9968 9977 9976 9977 9965 9979 9980 9980 9981 9982 
9983 9977 9984 9984 9985 9984 9988 9987 9991 9988 9992 9989 9992 9992 9992 9993 9995 9997 9998 