300 168 466 445 151 91 164 949 486 650 174 588 880 600 422 586 884 960 237 295 413 
957 458 546 2 544 541 924 347 555 283 52 548 178 593 75 460 645 993 997 103 
293 738 554 45 965 413 704 792 704 287 81 991 426 872 321 239 846 6 403 277 
604 46 341 693 615 794 294 653 236 576 940 312 209 762 795 206 350 751 785 190 
389 100 773 177 185 847 34 590 567 612 370 692 319 441 262 128 268 922 165 530 
793 735 73 379 494 265 972 177 24 156 837 274 504 431 987 849 634 226 383 665 
795 770 617 517 4 987 445 610 91 630 159 801 230 824 616 22 744 489 563 661 
227 361 184 271 595 650 843 777 691 533 221 474 477 549 765 120 299 79 67 1 
711 66 110 978 302 832 721 134 352 832 468 353 32 256 384 30 524 377 443 812 
859 586 247 379 682 634 917 680 201 314 135 914 140 792 6 238 363 975 419 43 
565 262 877 261 270 86 604 519 432 137 469 463 781 57 950 864 147 808 826 462 
95 773 706 482 922 121 738 428 26 581 609 584 570 930 459 984 144 106 301 47 
698 506 587 941 362 350 662 973 82 979 492 501 206 413 490 398 4 385 820 135 
20 766 605 160 310 853 458 939 170 588 434 624 726 934 917 22 311 293 697 678 
685 242 179 820 591 75 424 37 88 808 528 684 455 150 505 133 33 192 631 981 
982 544 289 878 42 387 989 529 395 637 17 464 346 947 812 660 951 550 509 367 
524 553 578 596 624 136 908 965 451 728 809 542 402 109 443 661 822 672 979 168 
46 67 160 219 315 557 20 419 353 302 577 653 999 850 17 691 919 653 704 850 
551 94 654 783 103 844 34 100 18 650 183 374 426 520 742 318 143 633 407 623 
887 696 526 855 869 668 933 369 855 260 429 294 48 583 229 747 925 232 445 514 
815 328 684 824 562 715 632 131 230 0 948 434 240 26 87 974 883 2 5 442 
291 757 673 219 559 653 490 910 646 471 218 591 250 319 140 982 577 45 270 584 
307 672 225 449 581 533 439 920 838 365 275 866 330 449 434 263 816 862 798 677 
769 426 253 748 159 903 525 704 339 189 405 606 772 224 812 48 821 460 983 349 
454 365 628 957 957 639 238 415 966 751 300 133 926 425 809 219 699 898 146 42 
194 782 149 398 717 931 437 305 767 534 777 653 633 761 531 862 91 923 376 204 
966 374 302 475 453 167 491 429 911 490 30 54 619 348 276 852 303 451 127 888 
27 924 516 252 276 873 733 395 7 682 884 366 104 759 833 411 484 474 764 621 
944 835 552 103 556 356 784 125 252 130 727 278 689 281 335 602 359 288 963 747 
612 692 247 59 640 784 730 366 763 904 871 1000 753 312 502 745 479 188 328 715 
955 691 952 280 261 208 59 345 886 464 683 216 527 343 763 354 218 908 234 80 
65 17 933 266 970 724 713 452 946 111 678 608 521 595 653 415 515 96 744 201 
386 548 769 745 529 855 552 396 944 846 148 443 912 71 343 906 726 454 829 143 
769 509 602 286 43 400 633 312 718 47 945 192 390 750 894 846 700 350 741 592 
92 254 717 6 750 130 285 156 770 244 631 465 464 666 497 897 786 422 280 747 
195 64 499 172 955 203 312 481 784 585 338 990 173 968 587 898 350 853 20 785 
264 571 970 975 163 716 859 48 829 377 368 692 319 924 808 69 801 914 626 577 
48 618 414 685 460 651 36 368 681 60 207 637 580 450 877 666 52 30 348 827 
75 526 996 514 453 83 879 862 684 913 915 120 623 920 57 667 408 600 747 243 
71 890 852 723 707 555 314 672 309 742 97 823 213 663 643 510 376 63 971 91 
445 808 524 97 454 211 912 813 409 871 710 680 248 949 761 876 105 424 869 115 
384 714 601 804 772 26 478 352 532 447 553 727 254 411 112 492 807 426 760 325 
627 424 711 493 894 643 394 68 758 141 221 937 290 668 826 262 461 673 218 794 
198 558 44 592 39 930 209 229 894 391 428 973 866 191 330 965 884 810 604 987 
856 332 417 214 264 996 346 480 632 246 551 44 102 428 633 913 453 862 862 706 
935 863 8 706 742 536 842 635 983 271 637 163 937 794 115 707 761 96 9 791 
932 860 592 182 450 614 273 371 202 303 559 400 650 885 732 858 274 443 179 317 
579 172 189 76 836 917 498 290 440 190 738 426 368 678 18 940 433 194 917 373 
573 742 219 339 297 101 828 47 910 787 994 408 528 154 332 263 915 514 867 883 
810 479 649 618 240 73 153 173 344 285 680 334 918 118 287 311 41 804 101 