483 174 233 400 231 309 142 450 323 209 45 267 205 279 201 263 254 304 461 409 352 
191 289 78 127 333 281 33 244 469 392 166 346 15 210 94 6 453 367 33 256 
375 124 469 145 419 460 88 120 247 450 172 34 478 329 359 230 96 441 186 178 
41 126 484 14 261 34 186 390 340 272 261 167 303 469 261 162 360 337 294 372 
499 381 106 171 58 378 426 222 475 432 495 108 21 130 465 172 230 311 159 294 
318 492 434 420 157 387 154 374 317 319 280 92 399 261 38 242 170 192 3 293 
91 493 436 246 395 118 54 98 237 335 128 444 411 120 242 232 1 363 415 465 
344 146 394 279 469 37 478 192 61 191 190 37 391 475 269 117 10 96 427 238 
61 414 353 393 210 202 358 393 362 391 434 434 454 332 378 227 323 210 189 36 
109 392 174 62 226 261 342 56 60 241 104 137 353 75 253 303 418 333 475 448 
191 268 264 126 360 270 70 86 454 183 317 368 477 265 439 460 452 345 311 3 
58 186 64 0 214 236 292 14 496 146 5 327 123 282 312 257 360 238 191 351 
187 444 287 122 188 141 394 2 403 461 329 123 356 423 344 107 354 286 42 163 
105 477 159 499 428 253 352 78 51 333 208 205 479 60 331 17 322 469 302 169 
305 212 423 326 338 44 407 214 151 385 116 73 126 489 277 238 55 236 279 157 
479 248 483 94 419 429 492 420 231 385 497 311 410 56 112 251 395 459 304 130 
422 175 378 310 248 395 397 99 64 219 98 201 140 151 155 186 77 210 221 110 
435 153 186 333 476 53 84 82 401 96 330 73 458 441 214 385 414 411 319 442 
470 292 312 444 400 50 166 268 447 488 352 141 40 209 479 450 241 356 392 281 
177 82 27 81 263 410 299 143 316 117 455 230 436 474 162 170 29 215 400 250 
3 256 183 446 191 462 8 9 218 150 185 163 262 268 29 430 468 30 327 210 
301 22 236 51 373 320 13 130 348 257 252 382 80 252 4 354 175 311 402 96 
195 160 75 478 133 419 393 8 290 361 457 461 434 347 113 434 381 446 335 16 
500 277 164 42 22 334 338 170 488 297 398 298 18 438 84 76 104 194 57 357 
380 326 412 292 426 197 153 274 193 57 483 192 310 262 57 42 155 89 156 