500 499 497 499 496 493 495 492 488 492 489 488 479 484 483 478 483 477 476 479 
483 477 479 478 470 475 475 475 478 469 469 474 429 469 444 469 446 454 469 468 
454 455 465 465 462 461 450 458 459 434 461 450 414 423 427 461 442 446 460 460 
395 453 457 426 435 447 411 444 444 450 452 434 434 441 434 448 441 438 439 422 
419 367 436 401 407 400 423 436 434 432 430 420 426 428 420 419 378 419 351 418 
399 398 402 415 403 410 414 412 394 411 397 400 392 410 395 390 381 392 373 353 
393 409 352 400 334 310 394 348 395 335 391 360 378 372 319 378 391 387 357 393 
385 380 330 294 393 311 298 381 356 346 345 392 368 385 385 302 333 382 183 359 
323 354 290 344 347 375 344 363 374 362 337 333 361 272 323 353 340 251 261 326 
356 342 333 354 252 231 188 358 360 268 329 289 248 320 332 360 352 319 333 331 
338 322 338 352 310 268 317 185 335 238 281 297 317 311 329 327 312 281 222 287 
327 303 208 205 326 309 292 294 311 311 316 305 318 263 209 292 303 177 257 312 
304 241 233 304 246 89 301 141 186 262 252 192 242 210 193 274 262 257 280 292 
279 293 279 214 299 194 210 236 214 286 64 230 172 218 277 186 269 261 282 265 
221 250 277 155 192 140 261 195 267 247 270 279 264 268 261 254 263 175 253 256 
261 160 191 241 60 210 231 209 226 178 174 256 210 242 215 189 171 191 214 227 
236 88 248 253 244 212 157 238 202 205 232 236 61 163 186 96 10 238 170 191 
237 230 190 122 127 192 187 170 151 186 201 230 210 169 219 201 186 197 191 120 
167 170 142 133 166 191 183 123 174 175 40 155 91 172 80 163 164 166 57 130 
128 153 162 157 162 156 146 159 145 146 159 104 151 96 153 82 150 58 98 154 
126 126 143 110 62 42 141 116 58 94 106 107 104 130 126 113 120 130 124 118 
137 105 96 109 117 78 84 86 112 56 54 96 123 41 99 42 57 73 81 73 
77 34 82 75 98 92 55 84 117 76 108 75 30 57 61 70 50 44 18 94 
15 9 78 60 64 56 37 17 3 45 53 36 38 37 51 29 51 33 42 34 
29 33 22 27 8 22 14 21 16 13 5 6 3 8 14 2 4 0 1 