3 1 0 4 2 14 8 3 6 5 13 16 21 14 22 8 27 22 33 29 34 
42 33 51 29 51 37 38 36 53 45 3 17 37 56 64 60 78 9 15 94 
18 44 50 70 61 57 30 75 108 76 117 84 55 92 98 75 82 34 77 73 
81 73 57 42 99 41 123 96 54 56 112 86 84 78 117 109 96 105 137 118 
124 130 120 113 126 130 104 107 106 94 58 116 141 42 62 110 143 126 126 154 
98 58 150 82 153 96 151 104 159 146 145 159 146 156 162 157 162 153 128 130 
57 166 164 163 80 172 91 155 40 175 174 123 183 191 166 133 142 170 167 120 
191 197 186 201 219 169 210 230 201 186 151 170 187 192 127 122 190 230 237 191 
170 238 10 96 186 163 61 236 232 205 202 238 157 212 244 253 248 88 236 227 
214 191 171 189 215 242 210 256 174 178 226 209 231 210 60 241 191 160 261 256 
253 175 263 254 261 268 264 279 270 247 267 195 261 140 192 155 277 250 221 265 
282 261 269 186 277 218 172 230 64 286 214 236 210 194 299 214 279 293 279 292 
280 257 262 274 193 210 242 192 252 262 186 141 301 89 246 304 233 241 304 312 
257 177 303 292 209 263 318 305 316 311 311 294 292 309 326 205 208 303 327 287 
222 281 312 327 329 311 317 297 281 238 335 185 317 268 310 352 338 322 338 331 
333 319 352 360 332 320 248 289 329 268 360 358 188 231 252 354 333 342 356 326 
261 251 340 353 323 272 361 333 337 362 374 363 344 375 347 344 290 354 323 359 
183 382 333 302 385 385 368 392 345 346 356 381 298 311 393 294 330 380 385 393 
357 387 391 378 319 372 378 360 391 335 395 348 394 310 334 400 352 409 393 353 
373 392 381 390 395 410 392 400 397 411 394 412 414 410 403 415 402 398 399 418 
351 419 378 419 420 428 426 420 430 432 434 436 423 400 407 401 436 367 419 422 
439 438 441 448 434 441 434 434 452 450 444 444 411 447 435 426 457 453 395 460 
460 446 442 461 427 423 414 450 461 434 459 458 450 461 462 465 465 455 454 468 
469 454 446 469 444 469 429 474 469 469 478 475 475 475 470 478 479 477 483 479 
476 477 483 478 483 484 479 488 489 492 488 492 495 493 496 499 497 499 500 